-0.746826 1.105814
0.019428 0.121614
0.831138 -0.961251
0.072989 0.915578
0.012642 -0.844752
0.105471 1.432132
2.121246 -0.513537
-0.294783 0.178810
1.286360 -0.313633
-0.476703 0.753682
0.439040 0.066150
0.942013 -0.153215
1.302029 0.227088
0.515190 -0.812294
1.112783 -1.601164
-0.991687 -1.259751
1.272348 0.442804
-0.694562 -0.077008
-0.955848 -0.642641
0.321837 -0.183055
1.355941 -1.740581
-0.499358 0.029764
-1.196904 -0.427758
-0.706737 -1.262644
0.305897 0.742614
-0.634706 2.081760
0.287224 -1.450728
-2.296489 -0.027990
1.245348 -0.966409
1.664778 -0.085205
-1.777667 0.928640
-0.848432 -0.471511
-0.535935 -0.152830
1.690354 -1.689159
0.539523 -0.209499
-0.376077 -0.385246
0.675970 0.228773
1.384365 -0.530346
-0.449947 0.034312
0.784324 -0.409203
0.154225 0.790651
-0.010160 0.068115
0.568143 0.807838
2.687497 -0.687714
1.205852 0.239624
0.753951 -0.616123
0.271087 0.520812
-0.027166 -0.627337
-0.286214 -0.379611
2.128120 0.525281
1.944374 0.674238
-1.361430 -0.928260
-0.217887 2.236280
0.601704 -0.890812
0.654181 -1.233771
0.603709 1.104115
-0.923782 0.261588
0.577802 0.703249
0.492995 0.214726
1.161116 -0.785412
-0.999055 0.054519
0.379511 -0.174667
-1.530210 -0.153849
-0.085493 0.154157
0.962412 2.168919
0.046828 0.286155
-0.613469 -0.239115
0.873565 1.478981
0.203096 1.596182
0.211037 0.980994
-0.206312 -0.070269
1.737878 -0.666022
-0.071510 0.270332
2.491643 1.163516
-0.068615 0.071662
-1.142762 -0.736578
-1.548711 0.798952
1.883197 0.240157
0.166246 -0.402166
0.355559 0.300038
0.951154 0.969967
-1.572775 0.637872
0.213377 0.468678
-1.501152 -0.403711
-0.746483 -0.696008
-0.398814 0.222840
0.305823 -0.953847
0.203366 -0.743992
-0.630643 -0.325267
-1.097253 1.049271
1.721016 1.955087
0.533114 -0.679119
-1.615001 1.671850
0.698733 -0.719608
0.540103 0.661699
1.573012 1.018236
-1.203944 -1.125794
-0.168087 0.679666
-0.431517 0.804004
0.126604 1.195329
0.672269 0.091973
-0.355502 0.782401
-0.316964 0.662953
-0.177397 1.084610
-0.236596 -0.423308
-0.661673 0.532147
0.383407 -0.750061
0.518454 -0.054966
0.209440 -2.020673
3.218654 -0.920469
0.136743 -2.392015
0.334247 -0.434304
-0.773024 -1.461111
0.436205 0.058614
0.780060 -0.876443
-0.969412 -0.728926
-0.151528 0.049831
-0.755137 0.167602
-0.037464 -1.509570
0.919163 -0.629855
-0.221015 -1.110727
-0.397638 1.228578
-0.910234 0.155162
0.103973 0.475177
1.242358 0.238625
1.013870 -1.101446
-0.368678 -0.789674
-0.450329 -0.105324
-0.030611 1.052569
-0.192875 -0.197610
2.306907 1.973407
0.572608 -1.506756
2.409790 -0.184474
0.073628 0.552864
1.137512 -0.667253
-0.424966 0.231531
0.191223 0.055081
-0.815441 -0.773580
-0.496353 -0.127418
-1.112828 0.210009
-1.196994 0.449085
-0.155023 -0.254814
-0.217408 -0.786256
0.377865 1.530212
-0.872038 -1.725000
-0.447161 1.080115
-0.302028 1.690140
-1.327064 -1.093205
-1.637083 -0.687156
2.047572 0.632568
0.427946 -1.064191
0.376912 0.697401
0.750886 0.738188
-2.678729 0.620804
0.437958 -0.025965
-0.510287 0.508786
-0.546838 0.453585
1.353584 0.173013
1.618329 -0.659003
1.553057 -0.110939
1.109654 0.363350
-0.794356 0.490298
0.847331 1.365571
-0.087066 -0.159851
0.358776 -0.006406
-0.660777 0.493022
0.937958 0.747384
-1.393056 0.262921
0.411655 -1.185951
-0.136223 0.193365
-0.431742 0.746416
-1.762458 1.155598
0.020523 0.442913
-0.281448 1.452013
-1.295387 1.291919
0.119904 1.129587
0.362852 0.748212
-0.775729 -0.480418
0.041409 0.537407
0.120368 -0.686610
-0.389354 1.588075
-0.057750 0.645159
1.038416 -1.477416
-1.063473 0.622276
0.514704 1.058128
0.953902 -0.853752
-0.190191 0.381544
0.268688 -1.584548
0.686655 1.065690
-0.018766 1.300991
1.561314 0.265963
0.100699 1.616560
-0.201162 0.313993
1.699049 -0.578724
0.280232 -0.718506
-0.853013 0.555298
0.069541 0.861421
1.727338 -0.778709
0.552045 -1.320735
1.945368 0.960895
-0.084986 0.708075
-1.731860 -2.162005
-0.380917 0.065037
0.706511 2.145904
-0.922091 -1.512595
-1.142858 -1.279074
0.320559 -0.158950
-0.210816 1.503006
-1.070427 0.427915
-0.846612 -0.843773
-0.447373 -0.912158
-0.408405 -0.350104
0.186315 -0.396887
1.179457 -0.201861
-1.157162 0.304633
-1.461109 -0.553747
1.302836 -1.130567
-0.542255 -0.559353
-2.147362 -0.044244
-0.689707 -0.334517
0.224784 -0.615344
-1.054190 -0.179205
1.058044 -0.386006
-0.401027 -0.255460
1.255730 -1.489196
-0.388785 -0.698668
-0.537697 -0.946115
-0.787704 -0.700433
-0.531826 1.089538
0.661949 2.314662
-0.077954 0.848328
-0.509048 0.589132
0.319509 1.659937
0.262439 -0.456217
0.375002 -0.763320
1.135765 -1.451880
1.069352 2.186807
0.601218 0.399970
1.728462 -0.957240
-1.014148 0.883512
-0.680025 1.648484
0.062842 0.288599
1.593334 -0.720984
-0.100107 0.538840
-0.058169 -2.122278
-0.106069 -1.469123
-0.721530 -0.074044
-0.151226 -1.135797
-0.857799 -0.456883
0.597668 0.805110
-0.634403 -1.115075
1.580692 0.698441
-0.178441 1.181827
0.018930 0.147752
-0.692204 0.202760
0.287270 -1.738281
-0.705756 -0.173984
0.704296 0.201979
-0.374364 0.501450
1.120427 -1.503762
0.821996 -0.650814
-0.377351 0.477287
1.231395 0.168568
-0.355203 1.256143
0.351435 1.211327
0.861302 -1.143185
0.487172 1.062527
0.511638 0.494091
1.150560 1.154749
-0.099897 0.537509
-0.951100 -0.978933
-0.837052 -0.845103
-1.079386 1.378088
-0.606467 0.012049
-0.031228 -1.599504
-0.504737 0.023018
-0.750302 0.031788
0.172547 0.137468
-2.397696 -1.268476
-1.317564 1.112715
0.265293 -0.154955
-0.599535 0.427934
-0.156120 0.315590
-1.220711 -0.109805
-0.329707 1.795486
0.946904 0.987278
1.476064 -1.548572
-0.528731 0.250421
0.253314 -1.071832
-1.321610 2.908408
-0.633773 -0.189434
1.922653 -0.683012
-1.156278 0.530885
-0.251511 1.233447
-0.514449 -2.169805
0.983019 -1.224134
0.786802 0.414362
0.442934 0.118739
1.873310 1.022567
0.438529 0.525207
-1.102577 0.583392
0.914729 1.189375
-1.103970 -2.134971
0.267021 0.499327
1.175204 -1.207147
-0.318808 1.532181
0.190693 -0.688205
1.895680 0.791954
0.274002 -0.936442
1.245970 -0.500428
-1.009626 0.958771
1.415991 0.173981
-2.053957 0.241902
-2.047751 -1.013139
2.161191 1.855067
0.279293 -1.380327
-0.406955 -1.036908
0.292593 0.347096
-0.791431 -1.229954
-1.473468 0.439865
-0.745593 0.269605
0.278417 -0.200498
-0.743962 -0.331063
-0.214496 1.076053
1.657287 -0.638639
-0.302675 -0.231330
-0.413019 1.583477
0.377155 2.698992
-0.559983 -0.414184
2.090783 -0.515739
-1.447890 1.013944
-0.450190 -0.152623
-1.047231 -0.973064
-0.029214 2.047818
2.306857 0.170520
-1.811959 -1.453204
-1.734075 -1.161962
-0.594322 -0.643412
0.886850 1.802188
1.980671 0.345298
1.356632 -1.579328
0.625889 -0.380744
-0.231544 -1.230089
0.316625 -0.633384
0.190779 -0.040135
-0.941619 -1.862613
-0.411268 -1.268950
-0.442898 -0.258801
0.370279 -0.770699
0.725513 0.228879
1.076587 -0.666468
-0.011004 0.426886
0.625378 -1.710781
0.528641 0.497936
0.072223 -1.186176
-0.445810 -1.729301
-2.393144 1.077160
-0.464057 -0.785607
-0.933527 -1.113250
2.476090 1.003203
-0.930282 -0.068023
0.331469 -0.736986
-0.010156 -0.194615
-0.161235 1.975200
-0.401126 0.140120
-0.055987 1.128022
-0.524104 -0.368826
-1.326119 -0.410548
1.871017 -0.919587
0.513672 -0.559281
0.260886 0.189766
0.465880 0.675506
-0.917347 1.058522
0.686545 -1.381397
-0.097071 1.795477
-0.563531 0.828671
-0.539864 1.557787
-0.661824 0.743400
-2.057687 0.200852
0.753128 -0.042786
1.965654 0.053053
0.254942 -0.479878
-0.223732 1.824793
-0.294400 0.948783
0.430641 -0.890396
-0.524199 0.778479
-2.021962 0.122411
-0.158158 -0.490418
-1.965802 -2.365676
0.809261 0.499427
0.103379 -0.016029
-0.334575 -2.054270
-0.435510 -0.798068
1.083074 -0.099499
2.926476 -1.070937
-2.323278 0.724674
1.259585 0.975154
0.851300 -0.796892
-0.170487 0.856293
-0.592947 0.902580
0.432130 1.550564
-0.826493 0.627298
0.237782 -1.397846
1.345546 -0.101183
0.854396 -0.897524
-1.354327 0.080553
-0.016674 -0.835296
0.322120 -1.460765
0.417211 2.139253
0.811316 0.533619
-0.653832 -1.103952
0.062557 0.963972
-0.752396 -1.126875
0.082622 0.542464
0.322866 0.180335
-0.287495 -0.004634
-0.298973 -0.644715
1.838527 -1.618808
0.834412 -0.698951
2.731221 0.281518
1.071239 -1.940470
1.805495 0.885937
0.233472 0.235197
-1.169686 -0.539423
-0.470212 -0.640824
1.048397 -1.564922
0.243496 -0.290713
0.420607 0.208901
-1.039929 0.922984
1.101149 -1.091947
0.436241 -0.464299
-0.338384 1.003831
0.451351 -0.226424
-0.964461 -0.756022
1.528278 -0.142097
0.878523 1.803560
-0.269519 0.801701
0.478283 -0.748879
0.241957 -0.003839
-0.742927 -2.253727
1.756343 -0.607708
0.090767 -2.274370
-0.208522 -0.628255
-0.431188 -0.925435
-0.108168 0.001283
0.908054 -0.159544
-0.734693 -1.873651
-0.182309 -0.397047
-0.904056 0.418700
0.002848 2.258256
-0.835842 2.431005
-2.082902 -1.343567
0.254476 -0.696775
0.735292 1.039346
-1.005305 0.332612
-0.951098 0.483845
-1.397437 1.151156
1.706104 0.176767
-1.303956 -1.086021
-1.217868 0.291909
-2.587542 -1.505544
1.556568 0.639253
1.853671 0.457539
0.753796 0.317039
0.170732 0.356617
-0.772777 0.383858
0.954863 -1.044854
-0.270641 -0.050942
-0.837981 -0.842901
0.150974 -0.051926
-0.559155 -0.434968
-0.723249 1.589898
1.163934 -1.223235
-1.188409 0.543225
0.008383 0.424353
1.750971 0.128605
1.833746 -0.016691
-0.613017 -0.746767
-1.259113 -1.887076
0.756395 -0.528463
2.025860 -0.679939
0.673042 -0.013469
2.339706 -0.162417
-0.114642 0.075553
-1.198389 1.507227
1.372367 -1.150250
1.083345 0.628513
1.699260 -0.691704
0.194681 0.324586
0.734125 -1.442091
0.429298 0.081880
0.726304 0.939937
1.870515 0.293610
0.688807 1.162739
1.565357 -0.786167
-0.318240 -1.042514
-0.660874 -0.421608
-0.203298 -0.767845
1.898581 1.167553
-0.417746 -0.063635
0.133884 0.358415
1.320931 1.535048
-0.228264 -0.552170
-0.272516 0.123221
-0.600483 -0.062641
-0.137954 0.111469
-0.759471 0.726351
-0.455407 0.990338
0.061948 -0.775412
1.485534 -0.055198
-1.157234 -1.805429
0.543200 0.786098
-2.384510 1.613460
-0.402979 -0.705644
-0.254570 -0.916234
0.412812 0.349967
0.590916 0.937229
-1.054912 -0.339821
-0.651750 -0.243586
0.317171 -0.312840
0.784137 0.189142
-0.596999 -0.020613
1.340293 -1.732118
1.215592 -0.114918
1.316192 0.195046
0.234107 1.080307
-1.103541 0.535721
-0.889962 -1.960167
-0.853655 -1.417201
-1.356630 0.020835
-0.313324 -0.168916
0.170534 0.733505
-0.645353 0.367455
-0.524658 -0.505383
-1.818672 -1.707561
0.640775 -1.803212
-0.429865 1.404283
-0.662943 0.304438
0.407764 -1.310250
-0.075679 -1.168233
0.144252 0.296071
0.479077 -1.656648
0.605283 -1.091416
-1.436689 -0.718070
1.482412 -1.416120
0.027749 0.085887
1.415285 -0.586807
-0.285317 -0.180665
-0.076865 0.210944
-0.622353 -1.024942
0.869122 -0.164855
-0.954426 0.314214
1.508398 0.448766
0.581012 -0.834779
-1.789149 0.777789
-1.397741 -1.337704
0.428451 -1.736037
1.005918 -1.206980
-0.676195 -0.130378
0.987140 -0.368061
-0.404979 1.399976
-1.630952 0.489672
0.195651 -1.122096
-1.062329 -0.181028
0.200430 -1.807213
1.661155 0.577064
-0.232257 0.514234
1.486363 -0.937755
0.015639 -0.322823
0.825084 0.208226
0.099106 -0.996925
0.009641 -0.145579
-1.581065 0.216686
0.195187 -0.943659
0.181851 0.969999
1.248614 0.327148
-1.494871 -0.128461
0.685123 -0.457711
-1.511324 -0.157575
0.890012 -0.183348
0.154365 0.079941
-0.312217 0.140730
0.859286 0.282162
0.330628 1.077539
0.909430 0.631614
0.500418 0.203799
0.086542 1.007123
-1.250768 -0.954357
-0.664436 1.906721
-1.038076 -0.447686
-0.895170 -0.635277
1.915652 1.203539
0.107007 -1.099352
0.008112 0.829375
0.358292 -0.439105
-0.108141 1.234603
0.470505 0.439389
-1.457565 -0.455252
-1.634073 0.331812
-1.042485 -0.307168
-1.406765 0.170828
0.370486 -0.504065
-1.320802 -0.792683
0.627563 -0.397370
-0.745591 -1.911415
-0.939652 0.005899
-0.257854 -1.256885
-1.631640 -0.686538
0.260907 -0.435871
1.227148 0.540794
1.019448 -0.236929
0.486742 -0.876780
0.998369 1.758267
0.222041 0.208891
-0.839670 0.015437
-0.937241 -0.122685
-0.757331 -1.514456
1.062013 1.233199
0.139330 -0.019848
-0.736419 0.316282
0.404927 -0.726820
-1.326311 0.484523
-0.437097 -0.657553
-1.107494 -0.256527
-0.030157 1.974787
-0.703553 0.193326
1.678891 -0.535700
2.604632 0.503803
1.334141 1.552451
0.245277 -0.853611
-0.045329 0.837410
-1.067686 1.399307
1.009786 -0.338904
-1.339868 1.341304
0.377448 0.361257
-0.476832 -1.019077
1.683509 -1.304413
-0.677309 -0.314232
1.095432 0.242590
-0.551160 -0.782676
-0.585485 0.271301
-0.814156 -1.572619
0.089375 0.151537
-1.570676 -1.053053
1.472133 1.035088
0.301378 1.291322
0.369397 -0.520844
-0.157096 -0.296148
-0.329345 -1.544984
0.055392 -1.596212
-2.024340 0.714876
0.519777 1.091961
0.729958 0.693462
2.253796 0.111068
-0.245660 1.757527
0.566387 1.279281
-0.020420 2.183168
-0.265584 0.127288
0.820422 0.668497
0.296169 -0.472263
1.514723 -0.136164
-0.037690 0.621595
0.388587 -0.080720
0.485120 -2.389994
0.415740 -0.255336
0.898023 1.829856
1.072208 -1.048367
0.583755 -1.058347
0.139383 1.971155
0.262646 0.415800
-0.027604 1.737716
0.181117 -0.640695
0.785369 0.303634
-0.431141 -1.078972
-2.006834 1.551714
-0.799267 1.536292
-0.457005 0.557805
-0.637004 1.108656
-0.391323 -2.394989
-0.159819 0.296319
-1.028876 0.987994
-0.545236 0.141619
-0.837359 0.881403
0.974680 -0.584527
-0.783766 -0.519566
0.394382 -0.391343
0.332898 -0.355645
-0.487646 1.854822
-0.547114 -0.536716
-0.343641 -2.041728
0.152065 -0.344719
0.260377 0.010754
-1.629301 -0.186911
-0.339152 -0.072871
-0.278938 0.483713
1.739916 0.654662
0.328569 -1.762830
-0.109190 1.191047
-0.796641 0.041558
-0.821143 -1.319533
-2.612398 -0.240767
0.068696 -0.614895
-0.893044 -0.237541
0.925254 0.130219
0.909791 1.356478
-0.064796 -0.734841
1.082375 -0.087700
0.529025 0.337530
0.309169 0.725736
-0.172395 -1.514005
1.804866 0.388783
1.610676 -1.544101
-0.972100 -2.071074
-1.161541 -0.435238
-0.224144 -0.303356
0.566738 0.726978
0.249541 0.360991
1.493002 0.375265
0.007195 -0.187440
0.367482 0.279045
0.086405 -1.586050
0.634315 -1.629650
-0.481347 0.263065
0.244182 -0.508870
-0.668346 -1.570580
-0.112671 1.283042
-1.484884 -1.631156
2.483368 -1.263916
-1.163197 -1.710226
-0.198133 -0.749553
0.473219 -0.995295
0.972180 0.571182
0.467396 -1.697395
-0.572453 -0.082948
-0.822656 0.025708
-0.147199 0.697297
-0.757731 1.991842
1.604442 -1.759287
0.083873 -0.819835
-1.306242 -0.011948
0.278521 1.071118
-1.027011 -1.468593
-0.176894 -0.467084
0.425395 0.068711
-0.783291 -0.126411
-0.948998 1.801554
0.344614 -0.378080
0.209599 -0.388027
-0.026558 -2.472024
0.651721 -0.013905
0.540727 1.725470
1.142801 -0.430043
0.155805 -0.009813
0.329938 1.933771
0.042592 0.268276
-2.502107 -1.041770
0.245413 1.462178
-0.076650 1.648784
-0.088783 0.738402
1.939302 -1.477220
0.715868 0.461938
1.126583 0.981491
-0.199997 -0.620426
-0.160483 -0.050305
-0.115002 1.242538
-1.349476 -0.900131
-1.058626 -0.208069
-0.939190 1.711316
-0.654273 0.493769
-1.329809 -0.967651
0.477585 -0.424262
0.386166 1.450376
0.120085 1.486036
-0.838043 -0.617182
0.151959 -0.747242
-0.890090 -0.459971
0.520671 -0.851510
0.739844 -0.165382
-1.070274 -1.150238
0.667968 -1.040413
-1.889316 0.294842
-0.551933 1.034393
-0.705852 -0.429751
0.070659 -2.099175
-1.235361 1.441569
1.676416 -1.026908
-0.356148 -0.413486
0.746080 0.353789
0.750678 1.973460
-0.433959 0.266916
-0.475342 -0.114471
1.747646 -0.393214
-0.460783 -0.547161
0.719855 -1.594445
1.285309 0.957183
0.317152 -0.446016
0.659379 -1.744208
0.586234 -1.679148
0.011117 1.633141
-1.854448 -1.141593
-1.672578 0.860114
-1.534664 -0.500472
-2.050615 -0.156483
-2.540249 0.933623
-0.724188 -0.473648
-0.456852 0.873071
0.602140 -1.331810
-1.295258 -0.681062
-0.359338 -1.244634
-2.460864 0.183210
-0.001949 0.543522
0.066763 1.442501
-0.871809 -0.276629
0.643793 -0.338725
-1.936109 -0.575777
-0.547031 -0.461752
-0.283121 -1.239660
2.512423 -1.443853
0.545683 0.819224
-1.235788 -0.554013
0.182481 -1.070251
-0.514218 0.310004
0.174647 -0.156671
0.423072 -1.415252
-0.611037 -0.312942
-2.043046 -0.969987
-0.039336 -0.130152
-0.133851 0.073463
-1.347202 -0.219649
-1.653500 1.293154
0.611796 1.707455
-1.532257 2.133789
0.068718 0.207046
1.859053 -0.727519
-0.152044 -0.733863
0.912577 -1.867530
0.325004 -0.549826
0.556345 1.517322
-1.127020 -2.150381
0.245979 1.033076
0.545509 -0.473731
0.483427 -0.291057
-1.621077 -1.170121
0.509459 -1.316513
1.365661 -1.384043
1.028927 -0.205443
0.060523 0.506577
-0.129725 1.422169
-0.025970 0.007990
0.390352 -0.658760
-0.184730 0.113794
1.055880 2.512429
0.546580 -0.088193
0.850281 2.620178
-2.057654 0.086341
-0.680362 -0.599121
1.033246 -0.845549
1.093928 0.414102
-0.728178 0.630777
-1.955757 -2.261058
-0.641755 -0.591723
-0.794801 -0.797552
-0.000772 1.504175
0.283667 -1.107119
0.033617 -1.817277
-1.664885 0.202320
0.738500 -0.961977
-1.522767 1.326550
-0.307346 0.883853
-0.314414 -0.233899
0.013596 -1.769042
-0.344197 -1.081354
-1.181613 1.492604
-0.229581 1.104425
0.267951 -0.125195
1.066853 2.752660
0.726547 -1.200453
-0.257198 -0.092435
-0.459777 -0.552281
0.438415 0.334025
-0.292345 -0.083406
0.640174 0.104011
-0.372519 0.603297
0.940408 -1.184010
0.487556 1.556008
-0.225936 0.414349
0.629602 0.416333
-1.895590 1.285242
-1.799819 0.026826
-0.443583 -0.764974
-0.590139 -0.153101
0.731604 0.315488
-2.168506 -0.974028
0.657514 -1.382906
1.395781 -1.011959
-0.887063 0.344364
0.542161 0.542120
0.712935 1.534188
-1.238170 -0.332316
1.334826 0.606468
-1.285145 0.788226
0.627328 -0.270580
0.046977 1.417194
0.834740 -0.424302
-0.858912 0.359282
0.725085 -1.034501
-0.883681 -0.760130
-1.228012 -0.790903
-0.555676 0.840710
-0.313353 0.088794
-0.465793 -0.320283
-1.201472 0.258151
0.945433 1.475737
-0.692133 0.476183
0.331550 0.936757
-0.285646 0.801837
-2.440744 -1.973741
1.216295 -1.145749
-0.646956 -0.933485
1.053633 -0.760573
-0.244247 0.009707
0.780778 1.398770
1.485399 1.120084
0.961308 1.238258
-0.809945 1.928058
-0.001781 -0.071957
0.276177 -2.042692
1.400726 0.806472
0.768071 1.574816
0.959648 -0.660731
-0.822888 0.292781
-1.430283 -0.137852
2.101038 -0.184159
-1.658984 0.564822
-0.154481 0.213455
0.293614 0.011658
-1.344398 -0.291690
-0.878766 -0.284766
-0.182973 -0.242915
0.191220 2.162139
-0.787993 -0.758337
0.441987 0.242499
-0.800509 0.278673
-1.220730 -0.425847
-1.727562 -0.226318
0.362270 -0.942920
1.224129 0.461348
0.101222 -0.394705
3.096717 1.491041
1.435433 0.762981
0.367109 0.961462
-0.772098 0.094110
-1.206575 0.057631
0.545081 -0.571682
0.913851 -0.117883
-0.921088 -0.736004
-0.950395 -0.282859
-1.143395 -0.645449
0.568549 0.154716
1.518985 -0.001432
0.945289 0.103767
0.570837 -0.567424
-0.768487 -0.423838
0.707021 0.625750
-0.380955 -0.993840
-0.737100 -0.181139
-0.191715 -0.166216
2.916045 -1.558495
-0.032540 -1.607130
1.254397 1.172045
-0.929392 -0.972959
-0.788746 2.389004
0.419329 -1.158716
0.729074 0.259472
-0.070340 -0.388962
0.146025 0.259211
-0.965284 0.758048
-0.403930 0.005854
-0.512250 0.425459
-0.932103 1.509736
0.300909 0.655335
0.332835 -0.900135
-0.755551 -1.031405
0.998574 -0.224257
-0.816691 -0.376345
-0.261255 0.072947
0.495800 -0.252748
-1.336147 0.320850
0.089169 0.052608
-0.512649 1.068543
1.172880 -1.047813
-0.222951 0.747866
-0.173717 0.505888
-1.216414 -0.758479
0.609335 -2.682461
1.202572 2.369380
1.507743 -2.008411
0.298840 -0.509307
0.767673 0.085186
0.864122 1.097419
1.101780 0.606609
-0.505812 0.696728
-0.708769 -1.558817
-2.201944 -1.794431
-1.037739 1.652197
-1.464742 1.050520
0.436234 -0.042997
3.073765 -0.272924
1.456509 -0.094840
0.759876 0.084438
0.366631 -1.121305
-1.069370 0.154721
0.084953 -0.595411
-1.606488 0.650114
0.994749 -1.434127
-1.311616 0.660795
-1.144165 1.542395
-0.123455 -1.040830
-0.341568 -0.640363
-1.110213 0.177949
-0.792227 0.182784
-1.393039 0.493341
-0.437236 1.039790
-0.037488 -0.813169
0.942241 1.040477
-1.340929 -0.336574
-0.901366 -1.650575
0.923710 -0.025114
0.114930 0.709281
1.509128 -0.311457
-0.555860 -0.300095
0.368136 0.341965
-0.635922 -0.306006
1.588611 0.213961
-0.556712 0.364578
0.353826 -0.216445
0.368473 1.426650
-0.588591 0.367089
0.631099 0.031005
0.516199 0.457202
-0.097180 0.166181
0.395667 0.835208
-1.011137 -0.229799
0.507020 -0.231356
-0.386087 -0.004658
-0.225662 1.662525
-0.235806 -0.990522
0.177647 0.674725
-0.357230 -0.301592
0.962027 0.865203
0.892863 -0.383425
0.828204 -0.973440
2.994549 0.700010
0.832077 -0.310638
-0.158778 0.272078
-1.846690 0.617944
0.579811 -0.846518
0.586746 0.113892
1.452995 0.798985
-0.136562 0.032848
-0.501096 1.138448
0.222752 0.472142
2.309891 0.283518
-0.035359 -0.801243
-1.881964 -1.476443
0.777106 -0.749734
0.442527 -2.065375
0.943350 0.564109
1.028797 -0.517516
0.283949 0.111452
2.168528 -0.392294
0.549667 -0.269434
-0.188815 -0.231259
0.676097 -0.094064
-1.338358 0.628797
-1.056274 -0.267484
1.240804 -0.404822
-0.553707 -0.913758
-1.465228 -0.006491
0.453164 0.874353
-1.227710 0.162620
0.616231 -0.123209
-0.227202 -2.209067
0.978952 1.364975
-0.109760 -1.524129
-0.091655 -0.717623
1.617190 1.773262
0.011215 -1.419541
-0.586187 0.566694
0.984919 -1.242085
-0.179644 -1.224364
1.957239 0.853615
-0.140227 -0.771165
0.200172 0.242181
0.600450 -1.635553
0.043628 0.335835
0.540775 1.104886
-1.465789 -0.816421
1.046348 -2.080262
-0.022496 -0.750603
1.097112 0.886044
-0.297235 -2.926591
1.919662 -0.548781
1.099917 1.307788
-0.400969 -0.320109
0.563462 -0.383772
1.430002 -1.016151
0.720526 -0.370415
-1.836941 -1.023255
-0.060178 -0.934936
0.035192 -0.461426
-0.240002 1.154770
-0.194316 0.213783
-1.400556 -1.382967
-1.360315 1.218827
-1.281272 -1.827996
-0.268295 0.759540
2.511262 -2.074235
-0.340483 1.362924
0.069034 -0.599096
0.317456 1.495529
-0.222851 -1.096989
-0.694076 -0.435995
0.121948 1.964403
-0.994050 -1.068227
-0.571398 0.943190
0.634938 0.328790
-0.249659 0.197492
-0.394826 -0.707999
-2.247240 -0.129727
0.467333 -2.857016
-0.105689 -0.189110
0.287818 1.151511
-1.054190 -0.206125
-0.294528 0.333193
0.436562 1.031582
-1.398402 1.066367
-1.345476 1.416788
-0.161571 -1.808329
-1.957495 0.730478
0.561928 -2.666844
0.583763 -0.547775
0.581231 0.146079
0.440397 0.729109
-1.078831 -1.538039
-0.654930 0.653049
0.622477 0.755637
1.491066 1.271161
-0.917748 -0.689051
-0.017454 1.097842
-0.589842 1.490191
0.657438 -1.863535
0.029296 -2.003921
0.461559 -0.677262
1.688532 1.262140
-0.340045 -1.221194
1.232682 -1.085690
0.592530 -0.898278
-0.257695 -1.395539
1.260725 -0.859359
1.189852 -0.593544
-0.619258 -0.022183
1.096394 0.022618
0.916532 1.993787
1.162481 0.771531
-1.185572 -0.032166
-0.313392 -0.047870
-0.548033 0.494346
-0.259579 1.945557
1.418979 -0.216254
-0.591236 -0.305589
-1.474161 0.532582
-0.644528 -0.271022
0.127173 0.408232
0.361652 -1.070855
0.540868 0.883150
-1.168078 -1.620958
0.109152 0.433789
1.247485 0.572656
0.247005 -0.441588
-0.697491 -0.653541
0.330017 0.902934
-0.453420 -1.297504
-0.632645 -1.078538
0.102797 -0.493045
0.904495 -0.938501
-0.482129 0.527347
-0.352974 0.212161
-1.331244 0.056347
-0.132899 -0.690089
0.634175 -1.356772
0.347415 0.818349
-1.526179 -1.941657
0.634863 2.236602
1.193334 -0.158929
0.280874 -0.886268
1.449923 0.417308
-0.715200 0.339868
0.309372 0.531663
-1.663133 -0.057933
-0.545209 -0.842273
-1.156919 0.021097
0.435078 1.250560
-0.821424 -0.431864
-0.289142 0.487989
0.129628 0.437392
-0.621945 0.455843
2.140790 1.438160
0.726892 -1.397191
-1.063606 -0.575178
-0.264626 0.107154
1.049549 -2.232939
0.806127 0.254294
0.556810 0.321632
-0.700207 -0.222074
-1.093668 1.722706
0.560167 -0.112936
0.777310 -0.155195
0.888345 0.068030
-0.603875 1.176307
2.063974 0.781715
0.229487 -0.786513
0.916026 -0.491021
-1.258424 0.974748
0.684694 1.673638
-0.436312 0.404583
-0.865135 0.613814
-0.341599 -0.699460
0.476931 1.006903
2.532988 -0.285766
-1.185158 -0.734690
-0.865484 0.378597
0.126814 0.030795
0.967219 -1.549311
1.114114 1.561607
-0.577561 0.717712
1.958307 1.213616
0.655181 -0.826549
1.319496 0.378803
-0.251213 0.969580
0.908407 0.667499
-0.486526 -1.451521
0.030316 -1.073346
0.229921 -0.325992
-0.103415 0.845959
-0.796540 -0.746395
-0.315082 -0.398699
1.294362 0.659397
0.189399 0.751424
1.217448 0.613747
0.880559 -1.976118
-1.760878 1.579198
-0.957817 -0.587276
0.215067 -1.017834
-0.602627 0.630586
-1.107805 -1.990614
-0.504358 -0.828880
-0.295526 0.172696
0.080375 0.994782
1.202133 0.264686
-1.050383 1.622446
-0.043465 -0.003287
-0.537446 -1.695610
-1.006207 -0.431762
-0.453886 0.929961
0.628408 0.659037
-2.129204 -2.266223
-2.227943 -1.260494
-0.943239 0.194367
0.045741 -0.691256
-0.561515 0.393200
1.053930 0.920635
0.391876 0.394245
0.529013 0.145634
-0.966082 -0.435672
0.996119 -0.863957
-0.071595 -1.339458
0.120852 0.099199
-1.477648 1.505109
1.197849 -0.999120
0.190620 0.293831
-1.333954 1.019407
-0.412267 1.261723
-0.728406 -0.684380
-0.312365 -0.066651
0.952983 -1.182416
0.381081 -0.719147
1.132929 -0.037049
-0.432616 -0.551071
2.500724 0.129810
-0.578330 1.185821
-0.478472 -1.178677
-0.572421 -0.924162
-0.878242 0.084994
0.919625 1.131487
0.220867 -0.661088
0.745840 0.537898
-0.111996 1.051152
-1.118729 1.251008
-2.526806 0.901325
0.141378 0.090275
1.224822 -0.260177
2.713872 0.748633
-0.432711 -0.142021
0.338230 -1.533555
-0.776221 -0.338957
-0.610421 2.127619
0.843647 -0.560140
0.436201 -0.738432
0.009350 0.496239
-0.976408 -0.001958
-0.293154 0.840153
-1.212635 -0.077150
0.251531 0.455575
2.369202 -1.093071
-0.920459 0.870629
1.309401 -0.258998
1.579908 -0.188933
-0.736422 0.758332
1.257076 0.257053
-1.142857 0.559904
0.038242 0.778572
-0.125567 -1.081607
-0.704879 1.065165
-0.324772 0.696080
-1.351895 -1.812695
-0.564191 -0.063024
1.259630 -0.526793
-0.317297 0.923516
-1.878327 -1.281235
0.730124 -0.149734
0.826929 -1.110200
-0.461079 0.201564
0.952362 -2.087726
0.524042 0.558667
0.906489 -0.236081
1.337936 -0.925937
-0.004516 -0.051365
-1.323714 -0.777962
-2.578468 -0.030526
-0.263553 -1.762923
0.353116 0.628356
-0.319508 -1.831684
-0.313806 -1.020465
-0.046685 -1.084244
-0.013431 0.398775
0.106351 -0.354169
0.353230 -1.234681
0.000359 0.392835
-0.931743 -1.196091
0.559707 -0.533925
0.744882 0.032754
0.236973 -0.187621
0.908097 1.071186
0.245731 0.627960
-3.581591 -0.065450
-0.024064 -0.834193
-0.547011 -0.912314
1.409129 -0.018399
0.052088 -1.328953
-2.069742 0.774592
0.937584 1.307151
-0.165352 0.150772
1.434233 1.380648
-0.665208 -0.964796
-1.074364 1.282632
-0.689986 0.720867
0.512217 -0.340152
0.103835 -0.976817
-0.550999 -0.872710
-0.228051 0.754581
0.644033 0.932119
-1.274371 -0.947640
-0.476208 -0.613952
-0.328544 0.369651
0.013999 1.291143
-0.828368 -0.378504
-0.122181 -1.358927
0.212869 -0.006914
-0.666145 -0.429181
-0.292379 -0.315219
0.372808 0.248889
0.005407 0.388751
1.747584 -0.258265
-1.285004 -0.937210
3.353922 -0.513229
0.064689 -0.407773
0.550696 1.198304
0.260058 -2.029332
-2.280758 -0.088929
-1.012728 0.063732
-0.868659 0.754517
-2.038856 -2.505285
0.166135 3.067033
-0.493311 0.919224
-0.936547 -0.860166
-0.331023 0.445435
-0.357132 -0.418980
0.327246 0.955261
-1.219916 -0.314349
-0.430914 -1.139500
2.383135 1.657103
-0.371136 1.284667
-1.627064 -0.512360
-1.376785 -1.509230
0.348033 -1.077549
-0.097146 0.896732
0.443544 2.151312
-0.176710 0.689738
-1.622826 0.250688
-1.716022 -0.440616
-0.546005 -1.216977
0.586407 -0.310687
0.945025 -0.820637
-0.023718 0.126534
0.060223 -0.075797
0.217392 -0.042177
0.691209 0.473340
-0.311183 -1.357294
-0.215885 0.215989
-0.481228 0.332686
-0.819562 -0.357109
-0.470579 -0.176674
-0.698837 -0.772843
-0.743555 -1.531328
-0.652441 -0.412668
0.273280 -1.401508
0.346462 -1.910543
-0.037900 0.574888
-0.112331 -0.534804
1.567677 -0.152513
0.079913 -1.079272
0.732727 -1.249094
-0.134091 -0.451775
1.312713 0.932471
-0.469731 -0.565976
-2.075167 -0.801174
-1.206512 -0.059417
-0.241826 -1.197113
0.530716 -0.463429
0.451253 -0.090648
0.450670 -2.328640
-0.643842 -0.502868
-0.146358 1.507746
-1.753709 -0.244796
-0.152709 1.020012
0.176876 -0.125517
0.466824 1.940542
0.689043 -1.382428
0.259632 0.174255
0.647093 0.023306
0.043950 0.519310
0.072714 -1.047264
0.671854 -2.440389
0.636202 -0.313568
1.009173 1.543156
0.357835 1.322065
2.246988 -0.024522
0.958606 -0.172700
-0.598538 -2.642808
-0.569135 -0.233021
-1.164948 0.917434
-1.415872 0.983238
-0.820666 -0.091372
1.184099 1.765953
-0.078354 -1.081382
0.058104 0.818001
-1.132083 0.948405
0.068285 -2.275439
1.709752 0.517889
-1.823702 -0.799589
0.839198 -1.711590
-0.637267 0.244404
-0.173189 0.438058
1.614694 -0.190127
-1.787694 -1.824827
0.162438 0.422819
-1.807397 0.174711
-0.898788 -0.711078
-0.931241 1.623342
-0.201108 0.828266
-0.229496 1.167889
0.952069 0.257579
-0.878776 -0.271195
-1.090150 -0.399866
-0.009509 -0.928565
-0.750798 -0.799968
0.455443 0.683666
-0.118622 -0.054627
0.354016 -0.041540
1.337574 -0.073579
0.694266 -1.374929
-1.632971 1.526220
0.470014 0.299683
-0.264341 -0.215636
1.105593 -0.570278
0.532789 -0.276306
-0.894941 1.292263
1.179845 -0.262336
-1.376047 0.930153
-0.717078 0.187282
-0.295391 0.841668
-0.839335 2.197246
-0.463487 1.091789
1.025225 1.192559
1.939009 -0.409247
-0.078970 1.689646
0.297759 -0.894385
0.508066 -1.091529
-0.304944 1.013526
0.113780 1.472670
0.417218 -0.220118
-0.574200 0.617911
-0.457141 -1.593270
0.256009 0.930614
0.887768 -0.974599
-0.534759 -0.000031
-0.438469 0.530742
-0.985398 1.344793
-0.983952 0.750930
0.493888 1.128608
-0.075934 0.072755
-0.794274 1.310999
-0.221550 0.519531
-1.743192 -1.286145
-1.454773 -1.144743
1.396313 0.880596
-0.201122 2.048599
-0.043468 -0.824801
0.442682 0.264860
-0.699593 -0.399506
-0.789907 -0.813196
0.414661 -0.052815
-0.322733 -0.376188
0.228969 0.164878
0.059559 -0.231720
-1.560022 1.086990
1.629662 -0.162905
0.782675 0.235019
1.407901 -0.107628
0.517328 -0.296645
1.314002 0.750777
-1.193453 -0.488394
0.013789 0.116396
0.000382 -0.321931
-0.304379 -1.094435
-1.200093 0.159849
-0.028285 -0.051945
1.583665 -0.440585
-0.563074 -1.180592
-1.450320 0.778794
1.026130 -1.091083
-1.417745 0.928572
0.603779 -0.577434
0.729957 -2.715345
-1.391353 -1.043304
-1.435257 -0.240279
-0.277840 0.914133
-0.619536 -0.521022
0.505143 -0.706300
0.149782 -1.070616
-1.127639 -0.106455
-0.887918 2.250979
-1.226970 -1.234219
-2.625709 -0.519923
-0.276599 -0.866105
1.290007 -1.244049
1.354791 -1.836037
0.181165 -1.433275
1.621944 1.688729
0.904115 -0.248229
-0.618915 -0.843314
0.485277 0.617771
0.029698 0.279081
-1.156225 -0.830312
-0.607352 0.440070
1.472528 -0.176061
0.318953 0.265407
-0.889086 -0.478461
0.065427 1.610939
-0.020797 -0.382264
-0.067603 -0.187314
-0.796020 -0.568716
0.868007 -0.704101
0.502175 -0.843906
0.663654 -1.990145
-0.485396 0.287841
-1.168595 1.138125
-0.614688 -1.050634
-0.745596 -0.834044
-1.050941 0.245388
-0.714827 -0.796004
0.118725 -1.079060
-0.298911 -0.356341
-0.404001 1.459482
2.699888 0.967271
2.001115 1.454083
-1.346180 -0.128426
1.198273 -0.375917
-0.355282 0.756400
-0.504010 2.457182
-0.389957 0.131852
1.392602 0.106665
0.877620 -0.976870
2.660423 -0.179046
0.639239 0.439785
-1.540325 0.127431
-0.866678 0.148974
1.004873 1.092832
2.381653 1.616180
1.775431 -0.582576
1.219710 0.863752
1.076195 0.623593
-0.468538 0.332340
-0.221178 0.715111
0.890163 -0.981140
-0.760132 1.474478
0.273712 1.445742
-2.087992 0.248561
-0.490873 -0.555650
-0.750743 0.600762
0.142084 -2.035343
-0.737754 -1.185769
-1.296523 -0.435291
0.717217 -0.653518
-1.672181 0.562672
-1.183377 1.522454
0.048792 0.070105
0.649673 -0.018393
-0.545848 1.619619
0.287080 0.958280
-0.238046 -0.029855
0.430130 -1.026208
0.767176 -1.776353
2.072023 0.521649
-1.132601 -0.340150
-1.590340 -0.923699
1.041585 0.534245
-1.322899 0.881591
-0.036231 0.354672
-1.458750 -0.746421
-1.411114 1.107201
-1.168807 0.301878
0.733004 0.208041
-0.136028 0.014904
0.957943 -0.544587
-1.502085 -0.609393
0.319043 0.260908
-1.242526 -1.086589
-0.093425 -0.817179
-0.412610 -1.369098
-0.854660 -0.700382
0.581442 -1.211699
0.405990 0.941810
-0.831623 -0.716179
1.550490 -0.225716
-0.396834 1.923960
-0.470973 -0.911704
-1.684858 -1.431134
-0.846097 0.013603
-0.587565 0.066931
0.892386 -0.282734
-1.373945 0.064899
-0.574655 -0.271218
-0.734602 -1.152398
-0.137078 0.573711
0.920110 -0.664752
-0.538362 1.088215
0.781156 1.686440
0.215534 0.665540
-0.008397 -1.822051
-0.357867 -0.296946
0.612093 0.922188
0.776157 -0.413726
-0.976398 0.078596
-0.245604 -0.316585
1.964883 -0.353036
-1.819395 1.158865
-0.508123 -1.489987
-0.114317 -0.055641
0.470117 -1.121886
1.894580 0.516370
-1.920565 -1.647755
2.120205 2.830990
-2.228424 0.026684
2.076627 0.050953
-0.988887 1.100591
-0.146899 -0.636407
1.432692 -0.534975
0.129935 -0.945631
-0.422128 -0.417868
0.420764 1.701648
0.632250 1.508989
-0.650503 1.792552
0.219227 -0.227371
1.598961 -0.351983
-1.192075 0.172232
0.328325 0.467240
-0.307184 -0.740546
-0.933974 -0.996178
-0.849700 -0.129192
-1.545244 2.351922
-0.412252 0.194313
2.084624 1.450770
-1.235522 -1.180118
0.023296 -1.403823
2.408790 0.630059
-1.457136 -0.567699
-0.086877 0.830145
1.216772 -0.088814
-0.438475 0.514816
-0.457115 -0.019366
0.890557 1.203417
0.972507 -0.221688
0.225430 2.838346
-0.383582 0.068598
0.214434 0.015579
-0.253206 0.767412
-1.224607 1.301458
0.839120 0.088332
-1.070271 -1.650212
0.203370 0.605169
0.698332 0.697362
-0.428687 1.023588
0.256169 1.204048
-0.080937 -0.812288
-0.934465 -0.020833
-0.736643 0.871034
-0.156400 0.262155
0.816495 0.093765
1.128993 0.623297
-0.446337 0.403552
-1.056778 -0.660143
0.927458 0.883360
0.175794 2.086050
-0.588306 0.377346
-0.341053 0.139129
-0.024984 -1.310332
-0.783839 -0.572359
0.311834 0.463889
-0.249538 0.525395
2.503932 -0.385587
-0.242538 -0.161276
-0.447132 -0.095172
0.423721 -0.713642
-0.399505 -0.781165
0.120465 -0.197942
-0.341114 -0.002911
-0.189055 -0.242041
-0.296028 -0.029797
-0.749771 1.009102
-1.470997 0.733710
-0.376033 -0.013268
0.626192 -0.733055
-0.403119 0.626968
-1.168718 0.767281
-2.435425 0.026373
0.595572 1.389303
0.663069 0.171349
-0.257172 -0.314874
0.673464 -0.760811
1.313919 -0.196882
-0.529354 0.596837
0.795521 -0.083035
-0.010838 0.739887
-0.602827 1.372218
0.776439 2.244228
-0.183911 -0.619511
-1.093360 -0.003617
-0.352073 0.923635
1.473425 -1.261126
1.450515 -0.355821
-0.161020 -0.033016
-0.777797 0.179646
1.181722 -0.201150
1.066287 0.078644
2.673958 -0.042754
2.321385 -0.463804
0.118590 1.926664
0.781511 -1.291317
0.289406 0.421726
0.935371 -1.538492
1.819222 -0.847570
0.033832 0.862367
0.833463 1.222477
-0.629398 1.492064
0.078133 -0.477385
1.379716 0.337536
-0.854146 0.529704
0.081864 -0.392539
1.251093 0.976605
-0.839485 -1.164425
0.768409 -0.036615
-0.518282 0.349048
-1.369317 -0.353343
0.282796 0.241153
-0.121127 -0.123323
-0.698245 -0.573616
1.479305 -0.507419
-0.698644 -1.644277
0.691853 -1.187607
1.026599 -0.547387
-1.738514 1.314032
-0.551334 -0.721953
-0.526742 0.490066
-0.838084 0.577839
0.159603 -0.087332
2.109294 -1.515435
0.683352 0.160741
1.213469 -1.165695
0.036559 -0.781226
0.331402 -1.314438
-1.507423 0.297647
-0.988314 0.028183
0.832133 -1.854226
-1.365548 -1.175105
0.200954 -0.793043
1.056968 -0.723248
0.915428 0.087309
0.096671 0.458137
0.498203 -1.125497
0.225166 0.737841
-1.483939 1.066275
-0.635517 0.638691
-0.837374 -0.480782
1.196742 1.141641
-0.281044 -0.394572
-0.432942 -0.638450
-0.136139 -0.447718
1.680562 -0.735933
0.055834 -1.132130
0.742935 0.327613
1.256742 -1.794555
-0.347623 -1.253202
0.196152 -1.341278
-0.965464 1.023616
-0.361640 -0.908295
1.105949 -0.226092
0.377435 1.614892
0.969432 0.931569
-0.003979 0.868493
-0.178552 1.648967
-1.467584 0.579354
-1.209150 -0.479535
-0.020596 0.668022
0.474304 -0.526735
-0.938026 0.488925
1.191132 -0.005232
0.403376 -0.744216
0.383612 -1.345957
-0.906379 2.246897
-1.162156 -0.913233
-0.500075 0.403254
-0.178057 -0.219213
0.829559 -1.489396
1.514117 0.404394
0.298412 1.330212
-1.118698 0.540658
-0.802604 1.230402
0.015248 -0.970272
-2.928838 0.405300
0.119162 -0.075905
-1.459791 -0.550217
-0.403961 -0.941474
-0.153689 -1.074591
-0.542741 0.206295
-0.593937 -0.357691
1.395648 0.571299
-1.655121 1.473410
0.732644 -0.148878
1.552264 2.032108
1.070271 -0.985306
0.730383 -0.242093
1.545669 0.561341
1.485690 -0.709906
-0.500647 0.454915
-0.254237 -1.764346
-0.199431 -0.094467
-1.307102 -1.151307
1.520363 -1.273448
-0.705842 0.315246
-0.626614 -0.501541
0.048652 -0.531361
0.216863 -0.183673
-0.472335 0.378526
-0.411441 1.701050
0.110614 0.971725
-0.586899 -0.364414
-2.340654 -0.834167
-0.133994 -0.938093
-0.544931 -0.726140
0.073422 1.131574
0.842948 1.816604
0.452414 -0.861952
-0.378142 0.299034
-1.438102 1.518380
-0.175263 -0.385349
0.859274 -0.050850
2.349728 -0.884858
0.246531 0.828398
-0.126983 -1.131501
0.032063 0.601063
0.647289 0.032690
0.900250 -1.187232
1.074164 -0.196714
0.432768 0.598864
-0.592002 -0.728214
2.604639 0.549725
1.076420 0.493964
-1.424413 0.681380
-1.107162 -0.733944
-0.418617 -1.802810
-1.564118 0.399723
-0.380869 1.660262
1.158486 -1.091145
-1.231743 0.784752
0.792461 -0.226276
-0.218902 0.413146
0.520375 0.357158
0.840252 0.887059
0.169980 -0.228370
-1.359858 2.171814
-0.220106 2.121363
-1.552539 1.040338
1.751969 -0.963690
0.989700 2.367159
0.535984 -0.002736
-0.050736 -0.499458
1.700632 -0.384403
-0.329589 -0.382267
-1.124875 -0.523216
-1.374869 0.411861
-0.388655 -0.667020
0.684770 -2.113453
-0.799779 -0.410258
-1.058458 -1.526009
-0.371984 -0.289136
1.276950 0.836375
-0.167446 -0.129841
0.484648 -0.133441
-0.225375 0.129799
0.888354 -0.697564
0.310007 0.589357
-0.298869 0.298138
-0.113349 0.518222
0.936101 -0.067369
-0.643154 -0.684731
0.719754 -1.121473
-0.518724 1.429655
-1.004379 0.985513
-0.830584 -0.158807
0.349755 -0.122122
-0.002997 -0.711023
0.833975 1.993491
0.579425 -0.745805
-0.981301 1.423095
0.425568 2.012889
-1.490050 1.282939
0.985824 -1.377099
-1.771216 -1.474782
1.857483 -0.018434
0.995288 0.098552
-0.675690 0.058078
1.305800 0.617529
0.329392 -2.496071
0.381532 1.047831
0.176004 -0.718127
0.009492 -0.253653
1.333900 -0.226449
-0.146665 0.380475
-0.358790 1.976409
1.459217 -1.082445
1.487011 -0.213828
-0.076246 -1.124830
-0.052418 -2.182040
1.053898 -1.244891
-1.209812 -0.707045
-0.158774 0.165586
0.250642 -1.345479
-0.419338 -1.392379
0.912475 -0.915303
-0.475569 1.810071
0.006669 0.093589
-0.343773 0.375595
0.930964 -0.437891
0.586073 1.508691
0.075661 0.002301
-0.859447 -0.598741
-0.532290 0.153164
0.788847 -1.594409
-1.008791 -0.585739
-1.242495 1.655689
1.265205 0.655973
0.783661 0.091582
0.106409 -0.611399
1.635885 0.117804
0.621610 0.280115
-0.604735 -0.466759
0.914417 1.953487
0.974989 0.028555
-0.486777 -0.238215
-2.263646 -1.225395
0.439867 -1.424078
0.535978 -0.716033
-0.364232 -0.712194
-1.079936 -0.892718
0.537175 0.372573
-0.320367 0.567714
0.042377 -0.967311
0.662265 -0.431933
0.172474 -1.868138
0.148999 1.984537
-0.846981 -0.410605
-1.418572 -0.664302
-1.313938 -0.237945
-1.315465 0.877689
0.632724 0.402400
0.875074 1.614017
-0.776872 -0.028580
0.403863 1.490934
-2.160056 -1.393285
-0.442336 1.220248
-0.453947 -0.748369
-0.574997 -1.587430
-1.043845 -0.227671
-0.752465 1.107966
-1.584115 -0.935258
1.272114 -0.928487
-0.094334 0.297439
-1.106181 1.233207
0.821201 2.186143
1.209631 0.043765
1.857073 -0.066944
1.066672 1.446590
-0.141777 -0.600758
0.761509 -0.002949
-0.514564 -0.553637
2.802717 1.260201
-0.545859 0.086306
-1.065789 0.941744
1.042835 1.442111
1.080494 1.155515
-0.203519 0.486792
1.788752 -0.314854
0.197091 0.329126
1.245622 1.477806
0.234555 0.245539
-0.764472 0.925875
0.588857 1.277924
-1.265732 2.618436
0.317620 -0.011080
0.331271 0.809492
1.001376 0.540768
1.481570 0.477900
-0.523584 -0.590783
-1.372109 1.272481
-1.402915 0.613813
-1.644328 0.186718
-1.161140 0.540377
0.486864 -0.074774
-0.954662 -0.483056
-0.524153 -0.495607
1.045903 -0.190379
-0.379934 -1.663168
-0.329505 0.882038
1.180141 -0.568315
0.629814 0.499417
0.182448 1.820091
1.904068 -1.557329
-0.412146 0.717112
0.477515 -0.610294
0.031930 0.389897
1.380532 1.181810
1.802446 1.716774
-1.638558 0.737256
-1.106254 0.457234
-1.336447 0.939054
-0.486601 -0.038776
-0.432162 -0.852218
1.617817 1.185296
1.870795 -1.652453
-0.636253 -0.413854
0.226933 0.176638
0.140143 1.590306
0.431491 -0.315751
-0.294335 -0.374815
1.306169 0.039044
-1.661074 0.067135
0.478792 0.370146
0.302053 -0.400646
-0.076769 -0.614103
0.264096 0.237716
-0.293925 1.186079
-0.598549 1.073531
-0.295721 -0.889665
-0.413676 0.304399
-1.386089 -0.024882
2.480336 -0.251484
2.540141 0.563669
-1.130834 0.149221
0.276535 1.015356
-1.131794 -0.298446
-0.836171 1.153842
-0.229977 -0.590369
-0.429964 0.381449
-0.010197 1.410711
-1.828997 -0.292417
-2.177216 0.164660
-0.436226 0.218260
1.071137 1.110079
0.309502 0.900588
-0.549439 -1.346655
-1.695914 -0.824985
0.519373 0.421656
1.214779 -0.264960
0.517527 -0.364969
-0.527259 0.282220
-0.374009 -1.014119
-1.107130 -0.851567
0.753573 -0.940388
-0.474520 0.064894
-0.592158 0.888486
-0.317513 0.201618
1.850307 -1.995898
-0.342112 0.398178
-1.337901 -0.298707
-0.525155 -0.310523
1.030785 -0.145206
0.105090 0.986815
-0.119961 -1.531143
-0.484403 1.082517
-1.085045 0.441449
0.138437 2.436419
-0.254537 -0.584422
0.703526 -0.133255
-0.298625 -0.338377
0.640835 0.584641
0.349985 -0.591328
-0.409803 -0.935033
-1.327699 -2.270535
-1.862397 1.539571
2.820614 -0.578983
0.937048 -1.347040
0.087137 0.762871
1.635933 -1.059222
-1.072708 0.578401
-0.157222 0.767664
2.244464 -0.513724
1.320689 -1.580127
-1.373796 0.480398
2.516299 0.547021
0.248975 0.945496
-1.914973 0.267542
0.048110 -1.713040
0.618096 1.859624
-0.280592 -0.469623
1.375522 1.407205
-1.642265 0.510721
-0.269164 -1.386106
0.595855 -0.295641
0.709706 0.217593
0.137454 -1.169251
-0.348564 1.747695
0.816355 1.340029
0.387260 0.401454
-0.761570 -0.718689
-0.152383 0.497566
0.178520 -1.204786
1.000656 0.744483
-1.036669 -1.446982
0.602479 -0.098773
-0.153485 0.639257
2.102671 0.723715
-0.056551 -0.143115
-1.722909 -0.442877
1.013306 -0.133125
1.450386 0.038616
-0.427673 -0.760774
0.706727 -0.297530
1.134062 -0.967165
-0.556800 0.025310
0.528254 0.226722
-0.401225 1.188399
1.949811 0.061003
0.347013 -0.745030
0.571291 0.768400
-0.084739 0.282398
0.196627 -0.761821
-1.304711 0.253681
-0.365399 0.466312
-0.883873 -0.061616
0.364200 0.195113
1.297329 -1.375198
-0.704160 0.633087
-0.185604 0.636661
1.077564 -0.950041
2.433745 0.919897
0.590339 -0.153604
0.485156 0.407962
-2.186590 0.335915
-0.407645 -0.071578
0.457148 -1.466914
0.988632 0.506797
0.067292 0.116327
-1.140766 -0.908530
0.361623 -0.158909
-0.059913 0.571309
-0.421961 -2.220745
0.718795 0.962153
-0.412074 -1.105377
1.089383 -1.340313
-0.913479 -0.007594
-1.123280 -1.231143
0.462516 0.578154
0.164707 -1.110424
-0.648145 1.212049
0.284461 -0.028217
-0.641820 0.097058
-0.429859 0.628954
-0.360738 0.843454
-0.183511 -0.187249
0.809582 -1.074685
0.076061 0.456201
0.174647 -0.643246
-0.147025 -0.309824
-1.839954 -2.104697
1.471344 0.230576
0.339136 -1.313784
-2.112927 1.086800
-0.563507 -0.136896
-0.660781 0.199177
0.620869 0.394262
1.186585 0.243561
-0.526241 0.595463
0.034479 2.357739
0.471398 1.046811
0.196660 0.211205
-1.393634 0.310520
0.231178 -0.693158
-1.116864 -0.398510
-0.305952 0.616530
0.954625 0.521293
-0.984217 -0.636831
-1.322858 0.010360
-1.127793 -0.306448
1.685557 1.496569
-1.154030 -1.277583
-2.146477 -0.654101
-1.298638 -0.937828
0.048188 -0.523867
-0.080422 -0.810470
-0.127311 -1.053409
-1.831970 -0.714188
-2.716491 0.313123
0.812904 -0.368021
0.392315 -0.013998
0.526835 -1.615848
-0.266399 1.061954
0.685214 0.794768
1.055425 0.975425
0.571075 0.685088
1.772017 -0.818949
-0.899287 -1.484387
-0.055207 -1.243823
0.889416 1.059868
0.680692 0.829258
0.154413 1.065274
1.538480 0.556858
0.447848 0.232684
0.113938 0.239889
-1.860876 0.476900
-0.837684 0.404926
-0.094788 1.204813
1.296245 0.733993
-1.233222 0.825416
0.359379 1.175636
0.165996 -0.465378
-0.465601 0.080953
-0.590771 1.332070
0.212039 0.489073
0.883279 0.735774
-2.074199 1.033456
0.050356 0.210259
1.804354 -0.662008
-0.586464 0.272315
0.156673 -0.439938
0.040699 -1.295371
0.731486 1.237811
-0.306057 -0.725751
-0.531803 0.162625
0.976859 -1.852299
0.220036 0.416012
-0.791671 -0.672707
0.662896 -0.342359
0.418373 -0.075361
-1.165943 0.049800
-1.169127 0.375273
-0.463023 -0.565111
-1.150607 -0.100876
-0.631226 0.269452
0.861518 -0.146208
-0.843160 -1.133630
0.023746 0.919028
-0.365477 -0.795586
1.180152 -1.004260
-0.228859 0.096996
0.166991 -1.876798
-0.482386 -1.234151
-0.801884 -1.082317
-0.634341 -0.115378
1.329112 -0.252045
1.822206 0.489951
0.656908 -0.439117
-0.481686 -0.629497
-0.733450 1.196309
-0.838080 0.208667
-1.445974 0.765447
0.212322 1.984143
0.953277 -0.580512
-0.014655 1.219059
1.645036 0.921812
0.013850 0.756394
1.097110 1.001933
0.749918 0.909385
0.970983 -1.910201
0.544494 -0.160303
-1.913199 0.796930
0.412375 -0.478909
0.323777 0.039098
1.274471 -2.109370
-2.038976 -0.628813
-0.758305 0.870343
-0.566101 -2.346555
-2.479664 1.037954
0.213054 0.829640
0.127212 0.872014
0.889430 0.007203
2.009066 -1.257528
1.497817 0.961160
-1.386649 -0.811669
-0.664360 -0.847468
0.933982 1.495875
-0.240853 -0.048439
0.404542 -0.136552
0.888542 -1.102381
0.738567 -0.930497
1.104742 1.031680
-1.871959 0.229986
0.554615 -0.046668
0.340231 1.432561
2.342713 1.290328
1.441794 -0.879162
-0.290413 1.420526
-1.144470 0.272329
-0.679994 -0.801478
-0.186793 -2.180235
0.294351 -0.222953
0.675376 -1.521886
1.257893 0.620546
0.223719 -0.747642
1.024368 0.220961
0.466666 0.045760
0.468549 -0.335942
0.599788 0.321510
0.244507 -0.045215
-0.545993 -0.024633
-0.403743 2.533072
-0.135477 -1.134264
-0.448443 0.675833
1.573920 -0.579469
0.344381 -0.259928
0.740877 -0.942798
-3.925018 0.670666
-0.466483 0.398078
0.305594 0.848312
-2.324059 0.437781
1.277360 1.571691
1.700272 -0.579342
-0.336283 -0.460436
0.397645 -1.346259
-2.644659 0.758943
-0.494909 0.734591
0.186605 0.998399
-0.211358 -0.892648
0.998540 -0.317093
-1.074444 -1.356923
1.229238 0.155203
-0.113075 1.311894
0.758221 -0.782881
0.336142 -0.160300
-1.789441 -0.915433
-1.560216 -1.353974
-0.388943 0.416818
0.496497 -1.433492
-0.541840 0.205961
-0.000548 0.828370
-0.668839 -0.768652
0.904720 1.852682
0.513312 -0.472627
1.067525 0.251980
0.672090 0.724647
-0.106040 0.203923
0.402920 2.053027
0.839207 -0.843562
-0.924063 0.349898
-1.160566 0.729026
-0.070552 -0.117074
0.725795 0.363685
0.016302 -1.996464
0.009233 -0.864324
1.428912 -1.468485
-1.552885 1.700820
-2.112470 0.195592
-0.809733 -0.341048
0.902522 -0.587909
0.389388 1.685426
-0.801633 0.482299
1.539588 0.512756
0.062463 1.086391
1.219152 -0.356918
1.266979 1.329406
0.118645 1.229774
1.093718 0.006947
-0.938379 -0.744756
-1.843944 -0.966811
-0.010603 -0.710355
0.236937 -1.096642
-1.669476 1.681120
-1.260009 -2.336040
-0.643652 0.629539
-0.314852 -0.872330
0.821123 1.128471
1.329036 0.983967
-0.885534 -0.307351
1.161872 0.582509
0.523189 0.023867
1.488491 -0.454074
0.564512 0.416471
1.476224 -0.197311
1.647466 1.783906
-2.318412 -0.907646
0.323707 -0.201222
-0.155874 -0.342726
-1.520984 1.114169
0.836776 -0.120526
0.046350 -1.319560
-0.361462 -0.829583
-1.055652 1.499663
-1.007017 -0.840055
-0.013672 0.239634
-0.956094 -1.355730
-0.278571 0.266808
-1.745995 -0.272641
0.418420 -0.878415
-0.204705 -0.941758
0.693976 0.122486
-1.623998 -0.059200
0.495673 0.745420
1.789102 1.258917
0.874367 0.514531
-0.475558 -0.565209
-0.191635 0.599050
1.261117 2.065903
0.170127 1.332482
-1.030017 0.151118
0.071547 -0.412340
0.288626 -0.452462
0.162448 0.163340
-0.302259 -1.423008
-0.670681 0.223816
-2.600065 -2.350755
-0.966958 -0.746263
1.406204 1.802566
0.240494 -1.140832
0.172377 0.492968
-1.619043 -0.449113
1.663275 0.524939
0.346527 -0.308374
-2.179234 -0.599745
0.973473 1.948295
-0.285518 1.758150
-1.672675 -0.187603
1.102502 -0.158884
0.310044 1.326385
-0.155856 -0.267484
-1.266576 -0.912388
-0.754390 1.233064
-0.586408 -0.032647
2.340768 -0.988643
-0.827914 0.708353
-0.750043 1.761148
-1.761517 0.733058
0.861007 -0.544644
-0.148951 -0.521767
0.265139 1.088381
-0.606964 -0.677392
1.685237 0.087728
-1.200361 -0.792369
-0.478656 0.297080
-0.733465 -0.284013
-0.435511 0.670166
-0.390052 0.662072
-0.107434 2.079257
0.614791 -1.849036
0.604587 0.850673
0.459260 0.544565
0.239122 0.388822
1.090196 1.211760
-0.145946 1.207190
0.345467 1.056356
-1.103396 -1.084555
0.081496 0.378430
-0.758084 0.109990
-0.432689 -0.221919
-0.713738 0.834021
1.057141 0.862775
0.794933 1.188063
-0.163985 0.016623
-1.079549 -0.829760
2.505740 -1.761121
-0.263169 -0.402977
0.446716 -1.122806
-0.693406 -0.457506
0.976580 -0.281823
0.049860 -0.254017
0.444784 0.936993
0.387048 -1.200462
-1.386384 0.134243
0.948828 0.116003
1.345521 -0.812949
0.723418 -0.573224
-0.622372 0.303298
0.208853 0.119999
1.599016 -0.212222
-1.420139 -0.393242
1.363561 -1.090705
-2.099047 -0.611391
1.250850 -0.406435
-1.337345 1.058259
0.898024 1.005553
0.289749 -0.248517
0.042969 1.019645
0.609108 -1.264549
-0.605156 0.940219
1.074794 0.696961
0.250227 -1.409613
-0.266647 1.561924
-0.393424 0.717548
0.690273 0.822062
-0.783976 -0.390534
-1.295372 -1.614923
1.733844 1.540786
2.170718 -0.648696
1.014036 -0.579006
-1.160723 0.315166
1.638682 1.017301
0.150484 -0.874326
-0.597030 2.590923
-0.660543 1.165420
-0.292424 -0.533996
0.327047 0.397867
2.203153 0.479116
-1.463467 -0.583342
-0.571676 0.993204
-1.175460 -0.674535
0.679534 -1.341327
-0.042127 -0.769253
1.285145 -0.031171
1.353389 1.023995
0.366695 0.547301
-1.327849 1.498180
1.027317 0.169714
0.730207 -1.721846
0.433561 1.168923
-0.503051 1.514775
1.180973 -1.854535
0.591909 -3.024035
1.828515 1.500469
0.581399 0.503875
0.481946 -1.058635
-0.878397 1.492908
1.380624 -1.199636
-0.110403 -0.186937
-0.527090 -1.222938
-0.003012 -0.767279
-1.764022 -0.307147
-1.179121 0.850156
0.577470 0.690075
-0.793830 1.074276
1.326751 -0.840007
-1.914451 -0.433895
-2.832901 1.373233
-0.914276 -1.139755
-0.110153 -0.788902
0.017614 -0.341570
-1.742587 1.718300
0.020345 0.557329
-0.992210 1.107845
-0.636796 -0.571578
-0.371153 -1.855369
0.075665 1.614908
-0.184957 1.529119
-2.018850 -0.170435
-1.602854 -0.469095
0.187747 -0.514442
1.336596 0.218781
-1.153408 0.580504
2.070540 -1.414601
0.893767 0.956856
-0.988495 -0.274299
0.424265 -1.676038
1.492016 2.315981
0.787653 0.574020
0.171354 1.333091
1.105413 1.070249
0.718211 -0.227375
-0.936726 1.472066
0.200028 1.303743
-0.730297 -0.639130
-0.717123 1.685371
0.769604 -0.624650
0.537758 -0.516666
-0.333559 1.462222
2.247375 -0.262867
-0.295023 -1.467499
0.690847 1.316166
1.953401 0.881620
-0.037119 1.743021
-0.042190 2.292592
1.862640 -2.117766
0.527509 -0.592478
-0.614042 0.445031
0.027435 0.930379
-0.510574 0.409248
0.136662 0.524593
0.276417 -0.080582
-0.281376 2.067037
-1.571147 -0.530241
-1.308983 -1.043713
-1.403222 -1.006682
1.498734 -1.209563
0.472247 -1.773458
-0.950284 0.824367
-1.386000 -0.812486
-0.601749 1.180624
-0.710843 0.618075
0.322698 0.833246
0.517475 -1.412698
-0.304953 -0.308231
-0.027090 0.094714
-0.078056 -0.838881
1.856867 1.075529
-0.288037 -0.315986
1.846365 0.062837
-1.606103 0.785816
1.277909 0.734487
1.067481 -0.280606
2.363945 1.079405
1.961334 0.393362
0.928464 0.481611
1.364895 -0.025206
-0.083830 0.381618
-0.802314 0.094209
-0.624807 0.538557
0.584777 -0.106480
-1.052650 -3.058354
-0.298801 -0.710440
-0.116970 0.620378
1.328522 0.486031
-0.351403 0.539910
0.379840 0.344315
-0.479286 1.504398
-0.496923 -0.387186
-1.211999 -0.420624
0.636454 0.040845
0.119836 0.191442
-0.329092 -0.906765
0.008517 0.049960
-0.212225 0.506304
-0.554867 -0.521623
0.151191 0.705022
0.564215 -0.887590
0.298407 -1.211141
-1.613401 -0.735535
0.003652 0.577654
0.488195 0.073893
-1.244856 -0.011208
-0.294053 -1.003956
-0.669092 1.113504
0.412741 -0.338971
0.510164 0.507604
0.921225 0.765747
0.425845 -1.334324
-1.160535 -0.783850
0.697839 -0.617166
-1.315955 -0.262194
-0.186289 0.329144
0.710186 0.352977
0.034001 0.519653
-2.111645 -1.165524
2.245539 0.826041
0.844135 -2.683174
1.251916 -0.540318
-1.400957 0.427061
-1.631267 2.498924
1.014182 2.142683
-0.272460 -0.935018
1.846056 0.238109
-0.135821 0.437293
-1.180449 1.118617
-0.276315 -1.266218
0.198507 0.323866
1.393353 0.368162
0.740966 1.462135
-1.789779 -0.721558
1.691593 1.314965
-0.958184 0.689378
0.101747 -0.762496
0.580811 0.726228
-1.099430 -1.629863
-2.242594 0.495519
-0.921099 0.260395
-0.182693 -1.203846
0.102828 0.402543
1.371735 0.773686
1.570453 0.750669
-0.926548 -0.747550
0.939058 -0.979176
-0.998717 0.738111
0.060737 -0.865927
-1.177186 1.487212
1.688378 0.377958
-0.223663 -1.605066
-0.570173 -0.553460
-0.104808 -1.368701
-1.383696 1.763012
-0.959996 -0.292248
-2.435716 -0.317071
0.534895 1.250742
1.808055 0.957454
-1.027818 -0.243680
-0.857573 -0.996434
0.954382 0.504302
-1.427313 -0.931349
-0.355108 0.188119
1.447740 1.121639
0.563939 -0.960533
0.911825 0.659962
0.416541 0.265947
0.713285 1.068328
0.598644 -1.156468
0.480782 1.469578
-0.417181 -1.184124
1.247569 0.262321
0.969498 0.418009
0.102596 -1.790389
-2.054125 1.489019
-0.596592 0.620708
0.774708 -1.683925
-0.880941 0.366133
0.251989 1.485640
-0.479907 0.540048
0.194828 1.558550
-0.146754 -0.427754
-0.844420 0.081751
-1.093189 0.138585
-0.205696 0.168694
0.067869 -0.136321
-1.703849 -0.086172
-0.811565 0.514896
1.124575 -0.281940
-0.528463 -1.108189
1.587925 1.380093
-0.876798 2.636939
-0.337956 1.057227
-0.900550 -1.555333
-0.858590 -0.521393
-0.788730 -0.284969
1.437356 -0.613942
-0.427314 -0.956129
0.868071 -0.617525
0.468521 -2.488002
-0.077317 1.070175
1.334776 0.795183
-0.119891 -1.244510
-0.111171 -0.278011
-0.863715 -0.131375
0.579385 -0.693282
-1.155269 -0.073033
0.454309 1.008746
-0.864806 -0.379383
-0.785437 -0.523313
-0.764509 0.473111
-1.059132 -0.144169
-0.211137 -1.516084
1.289179 -0.092432
2.471780 0.091767
0.298062 -0.696251
-1.450682 -2.264983
0.340106 -0.377049
0.644596 2.423021
0.483083 -0.218802
-0.214192 -0.751154
1.907368 1.196007
1.485215 1.217811
0.280201 1.279377
0.780967 1.134548
-1.171563 -1.411853
-0.192802 -1.034217
-0.269347 0.909085
0.173063 0.740840
-0.291385 1.051215
-0.317681 0.393246
-0.496482 -0.637051
1.311680 1.509705
-1.173057 -1.040090
0.354448 -0.309499
-3.076839 -0.141435
-1.422502 -0.896663
0.897851 0.810603
-0.282249 -2.267339
-2.623538 0.655821
0.552116 -2.721646
0.513467 -0.785029
0.073827 -0.395247
0.102821 2.388856
0.376277 -1.691978
-1.835879 -0.086254
0.771899 0.375613
0.349638 -0.007806
1.052244 -0.205763
-0.882643 -0.624336
-0.216169 -0.518781
-0.816242 1.327479
0.075137 -0.079543
0.682621 -1.744409
0.319920 -0.318718
2.005511 -1.042043
-0.509794 0.429472
1.151289 0.025861
-0.797910 -0.894732
1.456496 2.187412
-1.970896 0.232953
-1.076883 0.137653
-0.052032 0.380206
0.682703 0.350714
1.346771 -0.433646
-0.514405 -0.475598
1.000710 -0.664463
2.265620 1.007321
0.457052 -0.341052
0.810009 -1.925318
0.576941 -0.369285
-0.026371 -0.119707
0.022348 0.377986
-0.670486 0.870835
0.622292 -0.765420
0.331581 -1.273894
-1.703263 1.116765
1.388539 -0.340086
-0.479983 0.525486
-1.424200 0.182424
2.863068 0.230612
0.193479 0.149040
1.974542 -0.046417
0.114015 -0.731381
0.736377 -0.989145
0.519999 0.101717
0.793977 2.463853
0.011608 -1.378272
0.110007 0.751200
1.142046 -0.494727
1.183914 0.188269
-1.150342 -3.520121
-1.172042 -1.378983
0.686246 -1.369398
-0.587699 0.254021
-0.030262 -0.247333
0.493917 -0.655686
-0.327020 -1.218265
1.275536 0.817506
-0.470626 -0.065365
2.120091 -0.960634
1.706971 -1.786593
0.602113 -0.149013
0.115296 -2.134105
0.021700 2.882341
1.491843 -0.818213
0.673954 -0.314585
0.332839 -0.198366
-1.323472 0.001354
1.476235 -0.423239
-0.084933 1.029471
0.998284 -0.809975
-0.767334 -0.068179
0.679295 2.419064
-0.967079 -0.341188
-0.974820 0.513290
1.130078 -0.890141
0.126132 -0.491105
-2.081034 1.600795
0.916903 0.114974
-0.920868 0.137898
1.511878 -0.130806
0.231877 -0.571110
0.574375 -0.579220
-0.697200 1.087980
1.494334 -2.933257
0.512360 0.617158
0.608919 -1.202825
-0.105226 -0.833392
0.203952 -1.139810
-1.267709 -0.943510
0.732859 0.582188
-0.341134 0.229899
0.214453 -0.659234
1.047080 0.256153
0.423894 1.633261
0.649956 0.671009
0.907699 0.371961
0.514157 -2.145619
-1.831792 0.078233
0.820230 -0.568144
0.435678 1.106263
-0.076322 0.064636
-0.505271 -0.013432
0.156625 0.176825
-0.104457 0.154688
0.620859 -1.804008
-0.008441 -0.924711
1.495586 0.169044
-0.975742 -1.970501
1.014592 0.683603
-0.673906 -0.771494
-1.457461 1.690940
1.254330 -0.014412
-1.175449 0.412326
0.989218 0.040502
-0.971250 -1.065818
-0.344410 1.042096
-0.512659 -0.658464
-0.107968 -0.245136
0.614274 -0.794513
-0.521744 -0.062239
-0.506294 -0.579094
-0.155294 0.690567
1.619006 -1.187197
0.069055 -0.448987
-1.001851 0.816908
0.313427 -0.960957
0.964476 -0.744426
-0.644709 2.197456
-0.386852 0.703424
0.693289 -1.554037
-1.351822 0.585012
1.141613 1.773644
1.480253 0.035779
-0.312267 0.062975
0.064891 -0.258235
0.884736 -0.055479
-1.131822 0.103916
1.708547 -1.031716
-1.115482 0.731974
-0.870359 0.299971
-0.168170 -0.200034
0.209460 -0.211643
1.891504 1.035987
1.154328 -0.577733
-0.454668 0.958816
0.217013 1.017477
1.439770 -0.199548
1.306772 0.297244
-0.376720 -0.648388
-0.201629 -0.492542
0.179333 1.057592
0.267059 -0.148759
1.992794 -0.230454
0.681667 0.491198
0.524081 0.607142
1.217183 -0.111192
-1.077351 0.731651
-0.273352 0.867873
-1.018472 0.492321
0.093886 -0.358366
0.651616 1.274654
-0.013156 -0.413434
-1.326300 1.286348
1.409422 -0.293436
0.308196 0.971775
-0.343970 1.286805
0.474950 -0.351601
-0.404621 2.089983
-0.870721 -0.668109
0.048897 0.399066
-0.629744 0.820729
-1.348912 0.203873
0.119166 -0.075146
0.565165 0.922176
1.575026 -1.038932
-2.217965 0.104944
-0.130062 0.378673
0.748569 1.661123
0.642913 1.672924
0.015614 0.460147
0.901925 0.767118
0.862503 0.242618
1.673432 2.962458
-0.674419 -0.394513
0.602852 0.943615
0.508408 -1.073507
0.038165 0.426744
-0.402203 0.511914
-1.201961 1.665061
0.715349 2.954739
0.448546 1.605125
-1.624564 -0.812822
-1.092275 -0.573555
0.843341 0.160061
-2.157786 -0.629387
-0.006395 -0.670627
-0.402137 0.267102
0.247571 -0.617775
-0.182120 -0.049865
0.127722 -0.790477
-0.861078 -0.866888
-0.163412 -0.386925
0.456214 -1.493122
-0.604789 -0.009956
1.896942 -1.369003
1.981368 -1.264075
-0.558289 -1.113514
1.397074 2.047049
-1.172307 1.769699
0.894206 0.987868
0.664354 -0.233925
0.811666 -1.081741
-0.698629 -1.957156
-0.706832 -0.148146
0.817036 1.386396
-0.237172 -1.752999
0.288971 -0.278657
0.076754 1.184780
-1.401368 -0.403740
0.108437 -0.288845
0.593569 0.974126
-0.963514 -0.786163
-0.912039 -1.460225
-0.907641 -1.064638
1.272537 0.682099
1.740414 -0.018845
1.652887 -0.636806
0.211143 1.000232
-0.492777 -0.005080
-1.176745 0.833691
0.533202 -2.980758
-0.737334 0.216941
-1.347849 0.728699
1.690864 2.267017
-1.854309 0.625770
-0.240933 -0.255074
2.045998 0.087335
-1.270568 0.475045
-0.183703 -1.603626
0.103591 0.668840
-0.528988 -0.323609
-0.285050 -0.915680
0.709012 0.095269
-0.729803 -1.237821
0.730246 0.728058
-0.439385 -0.222716
0.755457 1.457745
0.873300 0.685898
-1.041520 -0.294343
0.143427 0.205255
0.043477 -0.488005
0.428602 -0.205634
1.239232 0.275048
1.068636 -0.068502
0.537506 0.263717
-0.136335 -0.295025
2.022959 -0.192234
-0.893370 -0.409098
1.072170 0.586614
-0.254013 1.420430
0.451750 -0.437204
-0.544931 -1.099232
0.953073 0.052440
-1.004662 0.865874
-0.792104 2.555834
0.483980 -0.055434
-1.121629 1.343319
-0.730108 -1.118613
-0.445041 1.160389
-1.092504 -0.098134
-0.910960 0.064222
-0.474592 -1.415461
-1.497162 -0.425695
-0.124148 -1.023783
-0.349205 -3.035797
0.007465 -1.031888
1.304967 0.065488
-0.107870 0.720112
-1.007816 -1.064170
-0.048232 2.050086
-0.043331 0.703629
-1.157320 -0.822427
1.113450 0.248442
1.922978 -0.197212
0.915113 1.474357
-1.304586 -0.242251
1.837513 1.607954
-0.469950 -0.177604
-0.466774 1.275676
0.655459 0.743559
1.042857 0.239338
-0.364825 0.356853
0.088763 -0.748550
-0.882150 -0.121791
-1.154656 1.685789
-1.769540 0.568578
1.276642 0.584839
-1.327685 0.092089
1.213507 -0.760585
0.148493 0.851684
-0.056020 -2.832141
-0.233531 -1.934695
-0.042719 -1.363004
-0.363765 0.969840
-1.082230 -0.635748
-0.547706 -1.296384
-0.493082 -0.587156
2.716139 0.376967
-1.132107 -0.619702
-1.327469 0.803816
-1.745619 -0.147301
-2.523990 -0.441678
-0.932177 0.626240
-1.247682 -0.092709
-1.209133 0.044694
-1.237548 -1.524736
1.382571 -0.269649
-0.164892 -0.618860
0.320016 -1.770179
0.858601 -0.613282
-2.130548 -0.363595
1.450965 0.332632
-1.244863 1.293743
-0.780080 1.261120
2.013306 0.732521
-0.525032 0.820215
0.229535 0.478949
-0.347438 0.990016
-0.582134 -0.121187
-1.741746 -1.480548
-0.736745 -0.869498
0.581445 1.253309
-0.024544 -0.279193
0.237829 -0.588380
-0.279889 -0.733357
0.247956 0.493829
0.337190 0.672078
-0.831995 0.430318
0.171032 0.115876
1.596144 -0.059547
-0.074638 -0.209953
0.132732 0.012305
-0.707566 -0.601133
0.413879 0.739810
-0.364751 0.617817
-1.048631 -0.575426
1.260074 -1.731295
0.244734 -0.102284
0.692280 -0.249689
-0.837587 1.537203
1.661299 1.181131
0.889513 -1.322741
-0.681875 -1.936156
0.103537 -0.947581
0.128783 -0.410037
-0.859871 1.277360
1.287389 0.111772
-1.227295 -1.529234
1.248113 -0.042372
-0.868996 2.068847
0.741745 0.269877
-0.365677 -0.352913
-0.912453 0.296366
-0.534199 -0.892862
0.132095 -0.169489
-0.231341 1.746147
0.188710 -0.193142
0.516763 -0.199490
-1.152166 -0.348720
0.150294 -0.269924
0.260310 0.957474
-0.352191 0.205119
-0.406080 -0.580997
-0.484065 0.136707
0.028968 0.048271
-0.530170 0.841805
-1.435961 -0.636382
0.709039 -0.661521
-0.111108 0.401252
0.350604 1.062478
0.091105 -0.300936
0.873044 1.642620
-1.798152 -0.387431
-0.366374 -1.292664
-0.812154 0.573382
-0.476098 -0.163166
1.053648 0.192643
0.591114 0.101641
0.477801 -1.320388
-0.356084 -0.815717
1.267280 -0.073455
-1.249357 -0.472300
-2.496267 -1.858391
-0.716161 -0.026822
-1.203474 -1.957601
0.333300 0.055181
-0.252709 -1.853842
-0.829786 -0.789147
-2.834178 0.129289
-0.876375 0.752540
-0.553542 0.622080
1.231784 0.381976
0.307382 -0.797438
-1.447716 -0.592532
0.622772 -1.414824
-0.024337 0.130748
-0.833136 0.772301
-0.800864 -2.144503
-0.090814 -0.699228
-0.579641 -0.473724
0.813125 0.883865
-0.072678 0.073623
-1.202732 0.334921
-0.372228 -1.166309
0.154450 0.958240
0.151490 -0.403336
1.757339 -1.234338
-2.425591 -0.557412
0.738248 -0.536908
0.161506 -1.050681
-0.323544 -0.435095
-1.719369 -0.779338
0.207868 0.038348
0.149886 2.419760
0.908903 -0.977334
0.617219 -0.271525
-0.673700 1.248622
-1.943839 1.760395
-0.508215 0.090555
1.120901 -1.566006
-0.288079 0.847454
-0.077687 -0.347116
-0.173032 0.035652
1.285414 -0.480773
0.383194 0.140416
0.201309 1.639582
-0.059891 0.353891
0.839757 -0.375583
-1.969031 -0.188466
-0.340438 -1.631911
-0.717915 1.273795
-0.623446 -0.193143
-1.012042 -0.283421
-0.664766 -0.713909
0.573055 0.115411
1.007295 0.773794
0.641510 0.906865
-0.542961 -1.157382
-1.532785 1.956981
-0.512175 -1.462408
1.037170 1.566653
2.273401 -0.411676
0.320992 -0.118351
0.029239 1.021089
0.544251 -1.182299
0.994348 0.452453
0.336422 1.384975
2.509571 -1.316378
-0.337478 1.149348
0.624690 0.454722
-0.662026 0.866670
-0.425751 -1.118556
1.374182 0.430273
1.211104 -0.672358
-0.707819 0.375205
-2.096651 1.165662
-0.569479 -0.834854
-0.240714 1.359038
0.106489 -0.486865
0.947843 0.891403
0.867869 1.206502
0.222571 1.011820
-1.376836 1.309191
-2.140134 1.449004
-0.920236 -1.654334
-0.717968 -0.442137
-1.155961 -0.600509
0.515750 -0.749326
-0.737145 -0.140610
1.296466 -0.613175
-0.786743 0.305083
-0.461448 -0.641034
-1.234099 -0.466299
1.608050 0.274430
1.849277 -1.391748
-0.222454 -0.556998
-0.576504 0.238182
-1.018631 -0.271733
-2.561164 1.569586
-0.143756 -0.454510
-0.142647 -0.614162
-0.478832 1.022956
-0.229339 -0.100063
-1.877558 -0.658904
0.641884 0.186450
-1.468766 -0.268199
1.565274 1.431109
-0.025200 1.259296
0.394578 -1.120969
0.739165 0.863293
0.497583 -0.562943
0.590901 1.131917
-1.148903 -0.276968
-0.442598 0.254116
0.040369 0.378935
-0.625303 -0.278786
-1.263795 0.676332
0.282999 0.003182
-0.697443 -2.042251
1.160695 -0.505830
1.619285 0.233486
-0.077943 0.324402
1.471148 -1.005870
1.608642 -1.370982
0.331355 -2.064603
0.789003 0.210486
0.273490 1.226594
-0.028551 1.111521
-0.361539 -1.179054
-0.477557 -0.509563
-0.735693 1.621675
-0.206339 -0.683213
-0.616564 -0.590347
-0.704277 -2.517590
0.384247 -0.283142
-0.736790 1.653257
-0.259966 -0.002239
1.389534 0.451687
1.019655 1.907655
0.514076 -1.173212
-0.192627 -0.004703
0.100891 -2.014193
-1.499007 0.303052
-1.059830 -0.787432
-0.874886 0.532404
-0.081878 -0.576916
0.172467 -0.135940
0.429796 0.934344
-0.010776 0.937968
-0.943061 1.469604
-0.523557 -0.058760
-0.075126 -0.316473
0.809274 -1.757073
0.439354 -1.586268
-0.683323 -0.178558
-2.072347 0.164021
0.674594 0.307310
-0.035520 -0.220961
-0.077033 -0.818169
-0.512249 0.307025
2.210068 1.179570
0.805907 -0.461541
0.976142 0.210324
-1.024715 0.755890
-0.281704 0.119880
0.935669 1.134315
0.660896 -0.584719
-0.183485 -1.567101
0.081139 0.187611
-0.802131 1.009220
-0.386359 -0.275416
-1.997078 -1.767444
2.181537 -0.425414
1.659040 -0.895989
0.338440 0.609033
-0.245409 -1.611583
-1.714859 0.606620
0.217054 -0.417825
1.314004 0.249199
0.292640 -1.368375
-1.397468 0.228447
0.738720 -0.845398
-1.114594 -0.692923
-0.173388 2.153490
1.643893 -1.375097
0.483477 0.477392
-0.239847 -0.213591
0.885469 -0.794542
0.624689 0.591898
-0.506144 -0.228703
-0.167586 1.253523
0.599768 -0.179230
-0.473905 1.327544
-1.011693 -0.151734
0.677685 0.126954
0.391466 2.313997
-0.176750 -1.250611
-0.976217 2.348514
-1.594899 -0.625284
-1.793961 -1.696261
-0.860940 1.414743
-0.845013 -1.105978
1.173317 0.500713
-0.344228 0.209195
-0.720506 -1.846336
-0.968887 -1.647697
1.705758 -1.514912
-0.203227 -0.506675
-0.605033 -1.801051
1.209735 2.852787
0.343382 -0.825657
1.154166 -0.257692
-0.821366 -0.812325
-1.563038 -0.330809
0.317258 -0.790288
-1.003232 0.518036
-0.451293 1.111510
2.845373 0.342268
0.502936 1.051414
0.504682 -1.065496
1.151916 0.174309
-0.875232 -0.639851
-0.828727 -0.096246
-1.232867 -1.657823
1.406459 0.168350
-0.248798 0.217722
0.833874 0.407805
0.815154 0.425664
1.656507 0.020123
0.908170 -0.014253
0.242685 0.660310
-0.360060 0.995764
1.245549 0.203565
-1.155129 -1.290118
1.520161 -0.891416
0.049000 -1.428804
0.284694 1.471450
1.610711 0.638214
-0.954937 -1.371280
0.585554 0.500969
-1.178885 0.528247
-0.252152 -0.268505
-0.591132 0.759344
0.647047 -1.310800
-0.864809 -1.282899
0.258588 -1.183387
0.528416 -0.396168
1.456831 0.434474
0.986159 1.142196
-0.603286 0.324441
-0.083621 0.490993
0.750859 0.198657
1.020289 -1.599048
0.441221 0.446956
0.830341 -1.944086
-1.791105 -0.275506
-1.573044 -0.499392
-2.564391 0.375719
1.098045 -0.386616
-1.086734 -0.004887
-0.179312 0.186470
0.971788 -0.110484
0.898420 -0.060646
-0.400100 0.829228
-0.665932 -0.116880
-0.087270 0.168931
0.756642 0.433096
-0.756110 -0.409785
-1.309392 -1.570453
0.630633 -0.170226
-1.059846 0.203903
-1.035770 -0.141021
-1.919023 1.735389
1.002828 -1.069449
-0.245434 -1.770252
-1.561538 1.772457
0.621462 -0.168946
-0.303954 -0.996463
2.445839 -0.309919
-0.637108 -1.215401
1.543193 0.066120
-0.287248 0.916662
-0.104352 1.433202
-0.852056 -1.261599
2.602433 1.572388
-3.416319 0.861293
-1.736631 1.681855
-0.000006 1.033842
-1.665373 2.316677
0.273674 2.096878
-1.241548 -0.291122
1.192775 0.241868
0.861205 -0.363973
-0.648459 -0.366980
-0.609148 1.131823
-0.087367 0.824119
0.186274 -1.692364
0.285207 -2.484861
0.490073 -1.265174
-0.458703 -0.536194
1.236534 1.199444
-1.113048 1.262824
-0.569389 0.722634
-0.154254 0.638387
-0.641894 1.259834
1.476512 -0.333925
0.909670 1.119451
0.017676 -0.302765
0.922518 -1.133727
-1.034761 -0.527042
0.014706 -1.181290
1.002557 -1.003652
0.777539 -0.063830
0.426497 -0.981963
0.625945 0.255128
1.309828 -0.840165
-0.437489 -1.055796
0.728069 -0.776692
0.989678 0.423803
-0.031048 -2.043285
0.702569 -0.141585
1.231764 -0.294590
-0.019986 1.666347
0.248069 0.486768
-1.251079 -1.437135
0.212502 -0.048052
0.822403 -0.607470
1.085739 1.157183
-0.234861 -0.062391
-0.720982 -0.100078
-1.272695 0.825082
0.667657 -1.087498
0.226728 -0.237122
1.460559 0.171730
-0.028766 -0.416725
-2.324207 0.644358
-0.273205 -1.035540
-0.704624 0.314393
0.734481 0.210077
-0.495906 0.549139
-0.126891 1.373525
-0.087580 -0.130491
0.638798 -0.395909
0.897102 -1.603869
-1.509656 1.339170
0.613744 0.426836
-0.560181 -0.571772
0.327694 -1.514139
-1.112100 -0.833336
-0.447973 -0.271434
-0.428964 0.225993
1.365215 0.734380
0.867539 -1.053582
-0.472783 -2.367481
0.199193 -0.087766
1.072204 -0.144723
-2.023563 -0.062808
-0.054302 0.518234
-0.430144 0.665306
1.982558 0.954029
-0.122788 -1.718225
-0.381600 3.705623
2.034621 -2.676894
-1.689594 0.379820
0.648386 1.564952
-1.256073 0.889366
1.356161 -0.526291
0.378344 0.628191
1.187673 0.398260
0.119158 -1.444725
-0.373398 -0.791219
0.896146 -0.041105
0.062706 0.372422
0.999957 0.242887
0.329592 -0.607975
1.589781 0.128300
0.817800 0.696363
-1.065784 0.519028
0.141016 -1.187682
1.650867 0.039681
0.177041 -0.487271
1.972011 0.847928
-0.621558 1.035209
-0.012576 -0.710235
-0.002387 -0.633123
0.399476 0.139529
-1.591902 -0.658220
1.748958 -1.236029
-0.561987 1.120100
-1.340944 -0.287041
-0.702218 -1.523395
-0.642699 0.630239
0.467484 0.404501
0.058543 1.254043
-0.581315 1.119119
0.048230 1.446204
-0.418156 1.792721
-1.066547 1.181055
1.720687 -0.744068
-0.771271 0.103627
-0.788858 -0.214207
-0.955065 -1.531125
-0.995718 1.463711
-0.234165 1.693945
-0.027309 0.060125
-2.326081 -1.243605
1.760713 0.985002
-0.097658 -0.042598
0.148578 0.605383
0.499159 -0.301580
0.819539 -2.732277
-0.827396 -0.288852
0.518860 0.144558
0.798453 -0.408590
-0.943943 0.968506
-1.468436 -0.862511
2.408436 -1.565353
0.415739 0.373438
1.052757 0.325370
-0.560082 -0.198114
-1.076581 -0.417763
0.046480 -0.668001
0.113855 -0.137074
-1.280886 1.412535
1.742436 -1.158711
0.253776 0.933884
0.274844 -2.665524
0.927849 0.524913
-1.505596 -0.402952
-1.828247 -0.791468
-0.567559 1.206097
1.103117 0.065851
0.540889 1.167341
0.584455 -0.218044
-1.197361 0.422922
-0.035474 1.017926
-0.265976 -0.679224
0.219075 -2.770347
0.839523 -1.822296
1.052689 -0.066582
-0.749195 1.606669
-0.631606 -1.060418
-1.246000 -0.177502
-0.432339 2.149204
0.476781 1.418567
-0.366591 0.425918
-0.716566 -0.867981
-0.768054 0.572979
-0.454318 2.294956
0.407040 1.670507
-1.396811 -2.080613
-0.350175 1.014003
1.711684 0.142382
0.076713 0.205299
2.016204 0.095809
0.400538 1.010452
-0.210278 0.439825
-0.869004 0.222563
0.876772 1.631250
0.397914 -1.299472
0.546122 -0.531335
0.556564 -1.882412
0.481974 -1.767243
0.239214 0.057115
0.956857 -0.107196
-1.010068 0.558840
-0.680049 0.802660
0.421309 0.321934
0.137819 -1.167448
0.155362 0.959073
0.470416 -0.497997
1.651679 1.535055
-2.098342 0.563743
-0.334925 0.334202
0.137459 0.475013
2.735277 -0.509035
-1.180156 0.274195
0.105954 -2.107518
-1.382806 0.617437
0.352458 -0.082324
-1.541758 -0.001770
0.084521 -0.774183
0.511757 -0.507473
-0.035558 0.900079
0.092326 -1.513603
1.106930 0.818864
2.276558 0.539276
0.314582 0.943864
-1.826696 0.733904
-1.242081 -0.406498
-0.268692 -2.418958
-0.403503 -1.170415
-0.743289 0.566974
-0.725986 -2.381801
-0.818562 -0.863313
0.031383 -0.731468
0.428915 -1.340699
-0.244272 0.234510
-0.094036 -0.268390
0.649659 -0.574585
-0.683472 -0.325428
0.556435 -0.352822
-0.319474 -1.124411
0.788185 -0.010657
0.034075 1.342212
0.173645 -0.728229
-0.715143 -1.806689
0.961637 -0.819009
0.031187 -0.788500
0.264032 -2.084503
0.569303 -1.614676
-0.819916 0.685705
-0.277698 -0.621004
-1.027647 2.135477
-0.166809 -1.276673
0.759588 -1.190565
-0.594573 -1.899492
-1.195736 -0.873903
-0.992436 0.262249
-1.096831 0.613529
0.335478 1.308107
-1.106385 0.056493
-1.842285 -1.398179
0.739215 -0.940662
0.085957 1.085785
-0.273775 -0.931707
-0.968983 1.788447
1.603711 -0.327326
-0.966932 0.372851
-1.793595 -0.079150
0.358386 -0.473762
-1.012154 -0.647201
0.669413 0.001975
1.375025 1.540898
0.713151 1.618767
-0.168114 0.376141
-0.759399 -0.969455
0.140650 0.901304
-0.726813 1.074371
0.376957 -0.727589
-0.440661 0.456765
-0.051827 -0.599163
0.477026 0.417873
-1.824924 1.023210
-0.471130 1.056180
0.749452 -1.701763
-1.080900 1.171138
-2.640117 0.356826
-0.607273 -0.334638
-0.742950 0.514046
1.220794 -1.018665
-0.793352 -0.125114
-1.596062 0.621448
-0.651993 -0.227516
0.774432 -0.480945
-1.518665 -1.328498
-1.533002 -2.210250
-0.370155 1.241975
0.908813 -0.096037
0.285922 -1.136256
1.996147 0.258644
1.934185 2.227461
1.412998 -3.130920
0.393776 0.847103
-0.645213 0.887880
-0.329786 1.192121
0.134144 -0.206411
0.874647 0.262177
-1.564909 1.951407
1.154312 -0.060026
0.135425 -2.014693
1.352873 1.260783
1.451732 -0.215107
-0.638991 -0.809725
0.661142 -0.193930
-0.415822 -0.305992
-0.545542 2.383970
1.050661 0.809010
-0.572562 -0.218595
-0.724150 0.739330
-0.524154 -1.242007
1.635090 0.606437
0.995547 0.408383
1.282256 -1.313417
0.850773 -1.164440
-1.598240 -0.408704
-0.611364 0.191493
-0.117661 -1.550367
-2.014212 2.066719
-0.284337 -1.513328
0.534265 -0.110580
-1.750577 0.063183
1.315533 0.684447
-0.836989 0.629389
0.048129 1.836482
2.468317 -0.425544
-0.090705 -0.301354
0.027291 -1.645740
0.871485 -0.367300
-0.743397 1.453072
-0.405606 -1.852646
0.366992 -1.309330
-0.601303 -1.363797
0.169915 -0.542224
-1.455405 0.103771
1.159111 2.135510
0.050701 1.133715
-0.972828 1.417095
0.516663 -1.452968
0.340223 0.448951
0.650985 0.790643
-0.775280 -1.475666
1.755470 0.012753
-0.925716 1.022016
3.135983 0.762851
0.666203 -0.925039
-0.660002 2.501988
0.934481 -0.333839
0.993470 1.192614
0.707740 0.534051
-0.364128 0.700277
0.330551 -0.454042
-0.503472 0.900096
0.646090 1.940377
0.059234 -0.437435
-0.982232 -0.177827
0.279863 -0.414536
-0.056637 -1.648544
0.747923 -1.267098
1.475742 0.968974
-0.989914 -0.324115
-1.683776 0.461647
-0.045461 0.468661
-0.546352 -0.248790
0.304347 -0.276505
-0.331281 1.678654
0.969132 -0.052113
1.299797 -0.391196
0.594243 -0.206749
0.537676 -1.462812
-0.060430 -0.132138
-1.331469 0.608848
0.192375 -0.443322
-0.487079 0.909830
0.943594 -1.199928
-0.740597 2.662360
-0.425474 -0.216373
-0.544112 -1.248263
0.619757 1.646052
-0.340243 -0.878488
0.089624 1.213776
-0.788722 -0.471733
1.392653 -0.960802
-0.872240 0.625802
1.322765 0.973248
-1.577532 -0.942831
-0.658156 -0.121267
0.757375 1.170561
-1.348535 -2.126242
0.744573 0.680349
-0.303579 -0.997608
1.719184 -0.703671
0.268786 0.707138
0.435281 -1.996587
2.233565 -0.583521
-0.866530 0.357393
0.562694 -1.724818
-0.303686 -1.122171
-0.020192 0.035213
0.408533 -0.167349
-0.464473 -0.931786
-1.069643 1.562111
-0.134501 -1.569172
-0.066866 -2.137148
-0.266380 -0.419252
0.120794 -1.360216
1.302817 0.240615
-0.190931 1.048112
-0.555894 -0.241058
-0.106709 -0.185520
-0.710687 1.010048
-0.081522 0.770207
1.027820 0.566307
0.508791 1.741338
0.015007 -0.247137
-1.142727 -0.288403
0.393855 -1.169182
-1.088842 0.111996
0.956646 0.686193
-1.716445 0.960758
-1.483464 0.771841
-2.200793 -0.164438
-0.499238 -0.157294
0.404511 0.347586
-1.438783 1.162249
0.538266 -0.669847
-0.296481 -1.496230
-1.462282 -1.715441
-1.997903 -0.084100
0.563070 1.095517
-0.171262 0.078988
0.841859 -0.005586
0.140560 1.236107
-1.311068 1.994681
1.421294 0.469122
0.869400 2.069687
0.089151 -1.530467
0.120415 -0.301679
0.295274 -0.850227
-0.574427 -0.842315
0.379458 -0.290437
-1.165063 0.165322
-1.272404 0.920598
-0.261617 0.395230
0.579224 -1.649233
0.222232 0.143261
-0.029873 -1.717773
-0.300541 0.317653
1.783737 -0.178420
-0.444013 1.222478
1.398872 -0.005946
-0.609377 0.451009
-2.742635 -1.524188
2.307096 -0.555926
-0.481777 -1.120799
0.789102 0.012785
-0.268754 -0.167807
2.586017 -1.426484
-0.378478 1.141979
-0.804751 -0.695597
-0.434768 1.179021
-0.045548 -0.415081
0.640705 0.718480
-0.779188 -1.650680
-1.299684 0.366399
0.223854 -0.469758
-0.154198 0.689065
0.349444 -0.162564
-1.102486 1.333104
0.098011 -1.322817
-0.384876 0.519809
1.194915 1.122998
-0.563819 -0.420691
-0.913953 0.169353
1.341375 1.214301
0.497913 -1.171516
0.172711 0.896500
-0.433998 -0.406639
0.581497 1.199009
1.180429 -3.092820
-1.062784 -0.045224
0.178133 -0.475704
0.197397 0.806059
-2.097077 0.386505
0.120313 -0.430113
0.564329 0.125598
0.746361 -1.087318
1.449185 -0.420855
-1.876253 -0.285457
1.056560 -1.255770
1.769642 -0.791141
1.793274 -0.879710
0.916105 1.690144
0.866178 -1.395146
0.436582 -0.883137
2.341970 -0.944279
-0.926327 1.922585
0.182361 -0.581108
0.396471 -0.336002
-0.311632 1.662974
-0.144617 -0.412998
-0.598523 -0.800279
0.340307 -0.002021
-1.163341 0.618939
1.286390 -1.101016
0.510167 -0.075147
0.355393 0.201487
-1.600927 0.377605
1.994724 -0.287394
1.516340 -0.040747
1.388927 1.442722
-0.098004 -0.834306
1.414633 3.114341
-0.503586 -0.794960
-0.977263 -0.964539
1.412343 0.019991
1.206865 0.716453
-0.339381 -1.249735
-0.509373 0.163196
1.781640 0.917474
0.522337 -1.763317
0.082911 -1.420212
0.222622 -0.613632
0.237626 -1.506807
-1.604419 -0.350704
-1.297967 -0.670138
-1.592955 0.925606
0.057156 -1.328538
-0.115155 0.624462
-0.410532 0.165472
-1.123991 0.939174
2.064251 0.813490
0.521762 2.608768
0.144311 -1.829014
2.179068 -1.253490
0.283875 -0.112327
0.687678 0.181960
-0.839153 -0.524715
0.668451 -0.806781
1.292583 0.628677
-0.864986 0.335950
-0.382604 -0.993520
-1.929629 -0.886352
-2.366650 -0.290795
-0.246398 -1.009437
-1.665553 1.204812
-1.047091 -0.092352
-0.820677 -0.664104
0.951614 -0.554298
-0.627578 0.770159
0.560520 0.880867
-0.441041 2.101286
-1.026987 -0.988061
2.856623 1.524109
-0.163412 0.788723
-0.804413 1.100649
1.634954 1.323679
0.164485 -1.855483
1.175141 0.641253
0.741764 -0.889302
-0.974801 -0.637493
-1.339646 -1.798381
-1.103538 1.215548
-0.458616 -0.384533
-0.791325 -1.454835
-0.033679 -1.590438
1.502586 -1.051088
0.250711 -0.209010
0.980242 -0.280346
-0.668425 0.452386
1.198159 0.843682
0.446677 -1.079633
2.301980 -1.154429
-0.790310 0.392170
-0.624857 -1.442138
1.265254 -1.204011
-1.374263 1.092148
-0.337311 0.368187
1.104590 1.075179
0.163991 0.599764
-0.517155 -0.121179
-0.863898 0.248762
2.024432 0.880426
-1.839131 1.737418
0.946736 -0.471317
0.265947 0.331936
0.502024 -0.796806
-1.250846 0.466660
0.528425 0.364612
-1.783105 -0.566848
0.515942 1.053629
0.543433 -1.275319
-0.869582 -0.481141
-0.296860 -0.387524
0.737148 -0.337920
-0.866287 0.272897
0.209761 -0.072840
0.576913 1.306321
-0.686429 -0.635657
-0.286573 -0.563520
0.187922 -0.614173
-0.409769 1.282274
0.262473 -1.243701
1.073197 -1.390827
-0.913332 0.820718
1.206076 -1.377596
2.707504 1.127425
-0.379230 0.965890
1.410803 -0.504821
-0.874577 -0.995712
-0.572423 -0.003737
0.764363 1.275592
-1.252496 0.402241
1.903607 -0.476853
0.548697 0.782762
-0.774277 -1.385331
1.855587 -1.632510
-1.145533 1.686486
1.341767 1.617265
-0.354143 -1.718821
1.972827 -0.475298
0.109776 -2.156319
-0.511665 -2.203763
0.467561 1.110613
-0.830028 0.662471
1.059255 0.190433
-0.252679 1.222904
0.295884 0.226398
1.472092 0.048873
-0.242532 -0.654300
-1.056372 1.664291
-0.116110 -0.255729
3.347517 1.170235
1.182792 0.244603
-0.577211 0.236965
0.352523 -1.109300
1.256390 2.624792
1.396418 0.472520
-0.289832 2.339502
-1.835294 0.664256
0.421691 -0.942954
0.499093 -1.936548
0.359395 -1.187546
-0.944846 -1.490202
0.544867 -0.971064
-0.184754 -1.713051
0.349665 -1.115272
1.672497 0.006296
-0.130035 0.352791
-0.640497 -0.417755
0.981350 1.672926
-0.684451 0.016310
-0.535977 -1.576699
0.086368 -0.654715
0.263531 -0.048428
-0.034104 -2.711488
-0.131721 0.217256
-0.401542 1.033250
1.253087 -0.259840
0.949712 0.004148
2.110176 2.856091
-0.568211 0.351884
-0.085067 1.951506
1.067836 -1.306437
1.767507 0.208237
0.713713 -1.342770
1.216075 1.000305
-2.093799 1.513560
-0.408028 0.878711
1.038129 0.756735
0.349335 0.136511
-0.890422 -0.089031
-0.279463 -1.257761
-0.862747 -0.593493
0.673465 -0.132192
-0.250557 -1.164203
-0.059425 0.015511
0.195078 -0.600910
1.121158 1.035820
1.818937 1.237285
0.411464 1.093554
-1.131542 -0.206408
0.676918 -0.319545
-1.369579 0.088054
0.180351 -0.765506
0.619826 -1.354326
0.542637 -0.802800
0.446078 -0.125710
-3.336273 -1.258056
0.348754 -0.506719
-0.339589 -0.455941
-0.100751 -0.406412
-1.030746 -0.153097
0.173001 -0.337744
1.637452 0.734609
-0.037775 -0.245799
-0.011258 -0.702803
0.852958 -0.028550
1.030312 -1.446833
-1.077776 -0.651429
-0.512851 0.699955
-0.608727 0.905843
1.639625 -1.505272
0.389405 -1.100507
0.005485 1.660490
-0.525893 -0.964857
-1.098554 0.734606
-0.929439 3.178378
-0.450068 1.412100
0.463836 0.797465
0.386273 -0.447015
-0.039788 0.535530
-1.035018 0.439854
0.900327 0.263950
-1.744720 0.198891
1.369712 0.124075
-0.358115 -1.841089
0.318940 -0.359580
-0.165411 -1.063748
1.221689 -0.494613
0.514372 0.521594
-0.862428 -1.256158
0.597923 0.340827
-1.172983 -0.017192
1.031932 0.599889
2.184096 0.104087
-0.451883 0.910953
0.770709 -0.717084
0.488674 -1.156472
-1.169888 1.940065
-0.965409 0.393736
0.686576 -1.112084
-0.974266 0.176234
0.061286 -0.489709
0.878850 0.360591
-1.745982 1.658094
-0.037602 -1.944509
-1.531218 -0.455101
1.378980 -0.154493
-1.238888 0.642540
-0.222408 -1.268223
0.141307 0.729058
0.353611 -0.380901
0.281766 0.841897
0.867178 -0.520694
-1.153104 -2.740325
-1.447139 0.162337
1.114622 -0.665168
0.020536 -2.059883
-0.691814 -2.541051
-1.083640 1.873663
1.774252 -0.420452
0.187662 -0.607639
0.677889 0.494733
-0.170053 -0.093922
0.011110 1.434715
-1.086947 -0.747308
1.431491 1.020271
0.171835 0.186353
-0.837877 -0.467234
-0.572324 -0.569427
0.267539 0.413358
-0.187909 1.342489
-1.797384 0.656866
-1.083536 -0.631093
0.800727 1.196969
-1.488468 -1.835755
-1.649954 -1.208844
1.369038 0.641292
0.796606 -0.632291
0.538950 -0.607236
-0.303881 -0.449388
1.490596 0.599863
0.578137 0.435992
-1.094868 -0.391223
-1.044661 0.361414
1.032995 0.333346
-0.620998 0.158410
1.087316 -0.961606
0.048013 1.577127
1.545228 0.871191
-0.556013 -1.309114
-0.655075 -0.042473
-0.387117 -2.054547
-0.333934 0.518498
-1.068325 -0.006193
1.140214 -0.548717
0.577264 -0.236392
-0.055462 -0.064194
2.375842 1.270005
-1.876389 0.325910
0.411495 1.075409
0.928240 0.206475
-0.534572 0.143590
1.056862 -0.915054
-1.095131 1.230431
-1.470134 -0.303034
-0.216858 -0.025557
-1.633091 0.821008
-0.318496 1.369429
0.327521 0.290841
0.489007 -0.029961
0.649804 -0.843565
2.230262 0.983778
-0.939456 -0.302432
0.694960 0.160599
0.828929 0.211086
0.135440 1.083274
-1.215263 0.482376
-0.172793 0.985337
-1.321650 -0.974276
-0.265154 -2.489344
-0.823603 0.575450
-0.294347 -0.133737
-0.418519 0.749769
0.109986 -0.290898
0.960004 0.005674
-0.902908 0.297654
-0.481942 -0.420613
-0.377351 -0.358478
-0.263673 0.275280
-0.134335 -0.270306
-0.738156 -0.930255
0.511298 2.515550
1.182770 0.897260
1.580174 -1.017518
0.830796 -0.355564
-0.316618 -0.852418
0.284615 -0.572105
-0.474832 -0.042125
-1.617372 -1.427894
-0.506859 -2.027409
1.335424 2.027612
-1.086279 0.290748
0.205320 -1.000774
-0.014537 -0.500491
0.538501 -1.128228
-0.391578 1.317565
-0.944341 0.349327
-0.496008 0.275796
0.738468 0.646860
-1.575132 -0.589963
0.260272 -0.576891
0.224840 0.847294
-0.225370 -2.559609
1.357405 -0.858570
-1.230064 1.131867
-1.373632 -0.102122
0.492283 1.856369
-0.455421 1.751201
-0.480573 -1.059442
-0.611663 0.951435
-0.163163 -0.480353
-0.804833 0.686999
-0.405978 0.208211
0.578018 -0.245878
0.772495 -0.561130
1.811774 -0.497102
-0.888928 -1.596939
-1.503511 1.723440
1.175038 -1.786286
1.685293 0.789953
-0.839740 1.148209
-0.814739 -0.134164
0.404720 0.464218
0.080510 -1.435044
-2.045730 0.028995
-0.350389 -0.546936
-0.734026 0.838155
1.918238 0.857961
-0.547681 0.384325
-0.278603 0.437704
0.558225 -0.487539
0.136093 -1.429594
0.099896 0.438947
-0.576528 -0.638045
0.596672 -0.502489
-1.359515 -0.637122
-1.152611 -0.126505
-0.727598 1.521111
-0.624439 -0.575376
-0.410983 0.999574
-1.273176 -0.284157
-1.345791 1.035034
0.543873 -1.339492
0.153468 -0.545122
-0.417532 0.333771
-0.959647 -0.321036
0.296389 -0.710706
-0.132333 -0.641000
-0.529973 0.805495
2.307552 0.680929
0.826339 0.470481
2.015908 -0.579106
-0.264540 -1.212741
0.014862 0.059063
-0.615592 -0.354323
0.312809 0.477413
-1.485424 -0.094743
-0.273933 1.831491
0.206149 -0.648827
-1.901801 -3.616186
1.736405 1.375015
-1.610817 0.614983
-0.511776 1.520476
1.308240 0.584070
-0.055996 1.934303
-0.774944 -0.233303
-0.755181 -0.343455
-2.635024 1.201469
0.982936 1.339274
-1.249106 2.022439
1.036620 -0.282002
0.005038 0.252893
-1.697862 -0.390960
1.031642 1.453395
-0.170341 -0.456637
-1.066212 -0.607059
2.052617 -1.459077
0.525318 -1.271010
-0.858662 2.102397
-0.177928 0.515923
0.974387 -0.636480
0.804091 -0.603067
-0.317589 -0.253551
0.294177 1.413849
-1.985932 -0.320818
-0.077053 1.414583
-0.432468 0.243906
0.115133 1.087251
-0.467020 0.945530
0.283285 -1.631799
0.586525 -0.982225
0.358694 -0.206321
-1.260354 0.941631
0.447051 -0.243556
-2.139629 0.761015
1.856464 -0.847019
-1.096767 -1.528552
0.022332 0.445846
-0.998670 0.031494
0.471486 -0.762635
0.569878 -0.002397
-0.002804 1.078156
-1.265860 0.389039
0.026538 0.509628
0.439648 -0.587578
-0.256667 1.140759
-0.014202 1.629634
-0.515644 -0.579444
-0.170422 1.683086
0.327206 -2.050662
-0.928241 -1.266710
-0.450628 -0.608690
0.368487 0.283525
0.224709 -1.154936
-0.970137 0.188923
1.041291 -0.444828
0.055274 1.844453
0.305871 0.117331
-0.491358 -0.418001
0.361006 -0.068955
0.275611 -0.840237
-0.060060 1.529776
-1.158201 -0.893256
-1.126869 -0.367634
-1.921872 -0.191431
-0.377245 -1.937917
0.154480 -0.596679
-0.168346 -0.391808
1.854304 -0.721322
-0.267742 -0.363053
-0.807453 -1.481954
0.341911 -0.390568
0.328448 -0.781358
1.519343 0.656502
-1.666531 0.422512
0.300522 -0.991505
0.534895 0.765457
-0.611909 0.001079
0.227815 -1.783010
1.721261 1.160198
0.222192 -0.629216
-2.422781 1.083036
-0.106053 -0.730831
0.511116 -0.066626
1.166367 -0.477580
-1.758016 -0.013384
-0.463142 -0.089253
-0.103004 2.829459
-0.016539 -1.113676
-1.653547 0.455592
1.145391 -1.723721
0.756644 0.362767
-1.048318 0.385524
1.273471 0.797127
0.205219 -2.875934
-0.742664 1.490599
-2.578957 0.830994
1.357094 -0.182121
-0.175461 -0.627872
1.297241 -0.227048
1.860001 0.457912
-0.135204 0.583512
0.819650 0.870812
0.292316 -0.281321
0.786411 -1.126894
-2.010669 -0.561002
-2.216298 0.461126
0.207294 0.197332
-1.359608 -0.038152
-0.233106 -0.680657
0.450938 -1.299786
0.649946 0.608679
-2.312225 1.286056
1.289497 -1.418395
1.409971 -0.191894
-1.384485 -1.486092
0.207115 -1.931933
-0.541613 -0.646441
-1.620920 0.568624
-0.037724 -2.210030
-0.304150 1.228332
0.749337 0.834634
0.852958 0.497058
1.352877 -0.319832
-1.493366 -0.718283
-0.419845 1.081077
0.549783 0.373553
-0.746100 1.250074
0.455653 -2.163335
0.730087 0.823814
0.152739 -1.118093
-0.838622 0.521688
1.004743 1.207507
0.993147 0.714032
1.135359 0.045343
0.359395 0.629696
0.447451 0.220808
1.628245 -0.437312
0.585958 0.618473
-1.392806 2.217944
1.285680 -1.032088
0.539003 -1.281157
-0.646614 -0.311967
-1.043557 -1.277619
-2.299575 -1.049569
0.085216 0.298525
0.047093 0.157575
1.946390 0.418286
0.961578 -1.111639
-2.222563 0.207850
2.251275 0.618988
-0.140616 -0.552986
0.717496 -0.442993
-1.358776 1.199322
-0.058054 -0.042694
0.025590 -0.102285
0.029614 -0.362115
1.260560 -0.680970
2.977997 -0.118374
1.448281 -1.486279
-0.910705 -0.821083
0.466773 -0.557767
0.629850 0.329544
0.791009 0.051702
1.480262 -1.705525
1.962486 -0.500051
0.165861 -0.148311
0.114134 -0.510944
-0.622815 0.869772
-0.552881 0.279924
0.818558 -0.615179
-1.792869 -1.630293
-0.272511 0.127279
-0.094342 1.168609
1.915925 -2.074512
-1.007992 0.743616
2.345629 -0.473013
-0.228144 1.352649
-1.097836 -0.085330
0.141099 0.730486
-0.262378 -0.194887
-0.811625 1.420226
-1.302278 -0.823249
-2.139848 0.425568
-1.244373 1.264947
-1.392522 1.804777
0.468479 1.416487
-0.211363 -1.799723
0.638372 0.785262
-0.192455 0.950222
-1.993371 0.390977
-1.257923 0.508129
0.579343 -0.517480
0.216806 0.473064
0.323717 -0.102034
0.029631 0.421795
1.309473 0.020378
0.468734 0.313200
1.461173 1.257376
-0.936567 -2.296276
1.903941 0.436546
-0.701490 0.368070
0.685289 0.456022
0.870798 0.644815
-1.905783 -0.639745
0.133891 -0.292796
0.623489 0.325539
0.308904 1.578825
-0.205207 -0.997895
-0.663002 0.439980
0.500127 0.148234
-0.955350 2.365085
0.100913 -0.688976
0.913018 1.273075
-2.415741 1.367806
0.816522 -2.672852
0.092579 0.215291
2.271865 -0.264020
2.596513 -0.334989
-1.280591 1.638625
-0.951514 -0.724503
-1.042120 0.825095
-0.378883 -2.536208
1.393651 -0.231105
1.447568 1.014090
-2.120337 -0.531561
-0.037895 -0.265326
-0.162891 1.836914
-1.046240 -0.409642
0.448261 1.262898
0.384043 -0.616777
0.146171 -1.066874
-1.563830 -0.655030
-0.261575 0.446769
-0.881600 0.734122
-1.074690 -0.259470
-1.609678 -1.216801
-0.000379 0.173615
0.269276 -0.711620
0.818408 0.048817
1.001683 -0.593033
-0.245192 -0.070382
-0.129773 0.308029
1.276958 -0.329454
-0.362277 0.590129
-0.505408 0.903472
-0.637592 -0.382831
0.344004 0.221016
-1.246122 -0.676016
1.468614 -0.170723
-1.104159 -0.637918
1.572898 -1.416577
-1.062043 -0.571978
0.228251 -0.041202
-0.903199 -0.011519
-0.529596 0.693369
0.928453 -0.781397
-0.345223 -0.798668
-0.516545 0.539848
-0.189216 0.061908
-1.665103 0.973851
-0.387967 -1.411629
0.025881 -2.164622
1.204677 1.119898
-1.075110 0.866753
-0.125511 0.645154
-0.335788 -0.158871
0.115477 0.871704
-1.504210 1.132509
-1.109998 0.607375
1.053829 1.613890
-0.207627 2.015738
1.614367 0.563854
1.155197 -0.787915
0.510806 -0.277856
-0.713604 -0.334280
-0.995596 -0.431188
-0.867249 -0.705717
0.290075 -0.314947
-0.500016 -0.145993
1.260738 1.512808
-0.243607 0.120265
0.621254 0.734583
-1.866124 0.699281
-0.874219 1.566843
0.880640 -0.089795
0.326706 0.270514
-0.219050 0.943590
-1.364476 -0.155198
0.712454 -1.171632
0.766253 0.057390
-0.154430 -0.115052
0.723604 -0.461485
-2.212301 0.260718
1.982679 1.012747
0.043034 0.130689
-1.226393 -1.549439
-1.208331 0.840829
0.883558 0.204884
-0.175172 0.946471
-1.190336 -0.408962
-1.744897 -1.329894
1.909484 0.877207
0.233145 0.132779
0.765158 -0.199601
0.326374 0.614749
0.555922 0.585678
1.269319 -0.848392
0.652442 2.314235
0.453793 -0.181133
0.405499 -0.018244
-1.051083 0.715673
0.333111 -1.840473
1.391718 0.602380
0.152672 -0.274477
0.078236 -0.165164
-0.184951 -0.763129
-0.087965 2.484068
1.059951 -0.769533
0.706482 1.366055
1.186784 -0.357355
-0.570728 0.364299
-1.241458 -1.960232
-0.222814 -0.109139
-1.028255 -0.848401
-0.213942 0.685115
-0.602184 0.220480
-0.595105 0.157012
-0.123694 0.396931
0.296313 -0.440349
0.331176 0.616396
0.864768 1.131078
1.342557 1.180398
-0.805364 2.081199
-0.740616 0.199858
-0.693383 2.805449
-0.364026 0.450218
1.023779 -1.958726
-2.244731 2.538958
-0.016819 -0.863910
-1.491982 2.006974
-0.724565 1.422650
0.399279 0.752012
0.084230 -0.442621
-0.658371 -0.292017
0.266377 1.408706
0.202947 -1.666722
0.038860 0.367053
-0.000700 -0.339944
-1.299065 -1.048928
0.364560 -0.597818
1.096542 -0.691010
0.540008 -1.302685
-1.181763 -0.099227
-0.299886 0.000825
-1.512087 -1.201965
0.821295 0.201520
-0.565895 0.122645
0.242404 0.421255
-0.081416 0.798479
-0.870516 -1.086671
-2.299950 -0.589524
1.858237 0.845061
-0.524940 -1.501184
-0.947602 -1.664223
-0.457507 1.052012
0.765736 0.637108
-1.182987 0.977592
-1.085047 -0.833535
-0.454465 1.310595
0.953480 -2.546943
0.688466 1.288892
0.352989 -1.808351
0.078081 -1.451130
-0.885427 -0.358274
-0.173584 -1.143617
1.226190 0.890764
-0.534226 0.512180
-0.763891 1.753547
-0.684105 2.217066
0.777214 0.645032
-1.536917 0.429119
-0.140924 0.079147
1.111114 2.216190
-0.063956 0.560402
0.340981 -0.394570
1.573145 0.628701
1.098951 0.958333
0.560983 1.109767
1.926080 0.848450
0.275163 -0.652180
0.386446 0.666144
0.830746 1.130405
-0.926633 -1.467442
-0.585604 -1.187327
-0.585801 -0.032709
-0.062203 0.879525
1.711894 1.178803
1.292698 0.292875
-0.432801 0.457333
1.500581 -0.356224
-2.215463 -1.749557
0.351288 0.796870
0.389181 0.448134
-0.661100 -0.429454
-0.069919 -0.673349
1.088228 -0.069936
-0.502163 0.978709
-0.301057 0.597571
0.131558 0.141739
-0.252583 -0.204067
0.048021 -0.425402
-0.165469 -0.824757
-0.527844 1.485115
-0.614523 0.482407
-0.226226 -0.526449
-0.870236 -0.723961
0.861435 0.119577
0.231810 1.521914
-0.599111 -1.295201
1.498179 0.162732
0.088068 0.181066
-0.931525 0.399826
-1.984476 0.437780
-1.061942 -0.424596
2.037789 1.154264
0.815804 -0.697484
0.247259 0.086699
0.581692 -0.443493
-0.303851 -0.628540
-0.508134 -0.623370
-0.689497 -0.680236
-0.066526 -1.652264
0.392578 -3.188032
1.116720 -1.143885
-0.535224 0.600654
2.282242 -0.608636
-0.927946 0.749585
1.295545 -0.916762
-1.770763 2.444543
1.169132 -0.388453
-0.094338 -1.605707
-0.944977 1.580138
-1.918974 -1.395301
-0.057248 0.248296
0.986076 0.919318
0.322068 -0.362417
1.858813 0.053907
-2.243572 0.261018
2.300191 0.690663
1.956044 0.711077
-1.733038 -1.074453
-0.588839 0.181817
-0.441210 0.692602
0.078300 2.183052
-0.679948 -0.184159
1.119819 -0.856370
0.812770 -0.579978
-0.344908 0.800132
1.300436 -0.579378
0.665432 -0.247996
-0.199091 -0.367813
-1.357003 -0.016118
0.518305 -0.602898
-0.405129 -0.919427
0.233615 -2.055895
-0.748298 -1.112002
0.913170 -1.625316
1.437041 1.827535
-0.344005 -0.575078
0.903649 0.670898
-0.680641 1.315928
-1.969803 -2.639456
-1.256468 -1.275719
0.593843 -0.527067
0.602418 -0.500530
0.453035 1.014318
-1.333847 -0.279974
-2.032011 -1.408303
0.611649 0.348905
0.127538 -1.658264
-0.536470 0.491808
-1.119032 -0.721144
-0.287803 -0.920694
-0.755305 -0.361794
0.100626 -0.771040
1.025137 -0.501654
-0.494430 0.338335
-0.218575 0.098172
0.396829 0.392575
0.502147 0.054857
-0.934293 -0.215096
-0.948488 -0.327028
0.419797 0.648804
-1.619793 -0.625709
2.195349 2.377748
-0.524971 1.198701
-0.403704 1.203898
-0.548960 -0.164132
-0.306058 -0.532421
-0.102778 -0.428871
-0.967950 -1.707177
-0.819764 1.910086
1.086561 0.110871
0.641275 1.110500
2.312322 -0.033493
0.101702 0.026383
-0.166525 -1.911832
-0.488982 1.024048
1.046161 0.737990
1.325541 -0.839994
-0.255646 -0.622391
0.529421 -0.597616
1.111302 -0.148863
0.574939 1.402406
-0.411364 0.188015
-0.547109 0.562851
0.323051 -3.584639
1.104203 0.088048
0.090492 0.483216
-0.830413 -0.536997
1.219811 0.053105
-0.900610 -0.575219
0.990821 -0.481570
1.743544 -0.519233
0.107587 -0.139829
0.132684 -0.241223
2.171806 -0.364963
1.262273 -0.230886
2.594263 0.254236
1.016112 -0.178695
-0.164861 -0.482645
-0.560341 1.024863
0.617096 -1.043158
1.021719 0.627614
-0.380933 -1.109098
0.023870 -3.311616
-0.235379 0.922710
1.605503 -0.715508
0.468955 -0.821759
-0.330361 -0.183785
0.508988 0.385750
2.109276 -0.320089
0.338501 -0.538652
0.322862 -0.475384
0.344922 -0.344166
-0.219538 0.389735
-0.193239 -0.795781
0.740830 1.673776
1.507883 -0.388470
0.379329 -1.192126
-0.823512 -1.272810
-1.122972 0.519330
-1.349711 1.412263
1.071308 -1.313431
-0.345140 0.239937
-0.176429 -0.996809
1.471143 -2.760568
1.115156 0.049756
-0.792856 -2.309281
-0.491206 0.591900
-0.026250 -0.805573
-1.021382 -0.272123
1.729955 1.506914
-1.563675 0.162525
-0.104564 -0.566827
-1.771046 -1.835410
-1.590892 0.000825
0.357869 0.723101
-0.831733 0.770180
-2.668161 1.579957
0.954897 0.702417
0.313099 -1.557161
-1.486691 0.012802
0.226619 -0.363669
0.094695 -0.898176
-0.389281 -1.548299
1.221590 -1.317144
-0.894766 0.734936
0.255228 0.763608
-2.064404 -1.154969
0.611914 -1.283095
0.431086 -1.751639
0.836309 0.044245
0.538439 0.224043
0.917650 -1.065472
1.855877 0.084365
-0.280962 -0.794341
0.591472 -0.112173
-0.935023 1.225796
1.119235 0.122726
-2.297152 -0.873528
-0.820397 0.584978
-0.438545 -0.209965
1.418183 0.519673
-0.978101 -0.120212
-0.086132 0.383467
-0.902985 0.063026
-0.350899 -0.876259
-0.180762 -1.795135
0.245667 1.112705
-1.570456 -0.556079
1.054894 0.452906
-0.002916 1.757666
-0.414409 1.296193
1.266652 -0.237189
1.488167 -0.324965
-0.927602 -1.448218
-1.166482 -2.355672
0.059422 -0.165398
1.127225 0.076233
-0.511758 0.487329
0.307039 -1.657924
-0.969540 2.644143
