19
English
Scotts
Dutch
Afrikaans
Low_Saxon
Limburgs
West_Frisian
Saterland_Frisian
North_Frisian
Luxembourgish
German
Yiddish
Danish
Swedish
Faroese
Icelandic
Norwegian(bokmål)
Norwegian(nynorsk)
Sranan
0  13  29  30  30  28  26  26  32  40  33  34  39  37  38  42  38  36  37
13   0  33  31  34  31  26  30  33  40  36  39  42  37  42  44  41  42  36 
29  33   0  07  15  15  28  26  25  35  29  33  38  33  37  37  39  37  41 
30  31  07   0  17  19  30  25  23  34  31  34  34  31  36  37  35  33  40
30  34  15  17   0  22  30  24  21  36  24  30  38  34  37  37  37  32  40
28  31  15  19  22   0  28  31  30  33  28  34  37  34  40  39  38  38  44
26  26  28  30  30  28   0  26  27  39  33  38  42  37  39  43  42  41  40
26  30  26  25  24  31  26   0  29  41  32  32  40  37  43  45  39  36  4
32  33  25  23  21  30  27  29   0  41  36  37  37  36  38  37  37  34  39
40  40  35  34  36  33  39  41  41   0  27  40  45  42  50  51  45  45  5
33  36  29  31  24  28  33  32  36  27   0  30  39  34  42  40  38  37  45
34  39  33  34  30  34  38  32  37  40  30   0  38  34  36  36  36  36  4
39  42  38  34  38  37  42  40  37  45  39  38   0  19  24  27  04  18  42
37  37  33  31  34  34  37  37  36  42  34  34  19   0  28  28  20  19  3
38  42  37  36  37  40  39  43  38  50  42  36  24  28   0  10  21  20  4
42  44  37  37  37  39  43  45  37  51  40  36  27  28  10   0  25  20  4
38  41  39  35  37  38  42  39  37  45  38  36  04  20  21  25   0  15  4
36  42  37  33  32  38  41  36  34  45  37  36  18  19  20  20  15   0  3
37  36  41  40  40  44  40  43  39  51  45  42  42  39  44  43  41  38   0
